0.975000	
0.950000	
0.925000	
0.900000	
0.875000	
0.850000	
0.825000	
0.800000	
0.775000	
0.750000	
0.725000	
0.700000	
0.675000	
0.650000	
0.625000	
0.600000	
0.575000	
0.550000	
0.525000	
0.500000	
0.475000	
0.450000	
0.425000	
0.400000	
0.375000	
0.350000	
0.325000	
0.300000	
0.275000	
0.250000	
0.225000	
0.200000	
0.175000	
0.150000	
0.125000	
0.100000	
0.075000	
0.050000	
0.025000	
0.000000	
-0.025000	
-0.050000	
-0.075000	
-0.100000	
-0.125000	
-0.149999	
-0.174999	
-0.199999	
-0.224999	
-0.249999	
-0.274999	
-0.299999	
-0.324999	
-0.349999	
-0.374999	
-0.399999	
-0.424999	
-0.449999	
-0.474999	
-0.499999	
-0.524999	
-0.549999	
-0.574999	
-0.599999	
-0.624999	
-0.649999	
-0.674999	
-0.699999	
-0.724999	
-0.749999	
-0.774999	
-0.799999	
-0.824999	
-0.849999	
-0.874999	
-0.899999	
-0.924999	
-0.949999	
-0.974999	
-0.999999	
0.975001	
0.950001	
0.925001	
0.900001	
0.875001	
0.850001	
0.825001	
0.800001	
0.775001	
0.750001	
0.725001	
0.700001	
0.675001	
0.650001	
0.625001	
0.600001	
0.575001	
0.550001	
0.525001	
0.500001	
0.475001	
0.450001	
0.425001	
0.400001	
0.375001	
0.350001	
0.325001	
0.300001	
0.275001	
0.250001	
0.225002	
0.200002	
0.175002	
0.150002	
0.125002	
0.100002	
0.075002	
0.050002	
0.025002	
0.000002	
-0.024998	
-0.049998	
-0.074998	
-0.099998	
-0.124998	
-0.149998	
-0.174998	
-0.199998	
-0.224998	
-0.249998	
-0.274998	
-0.299998	
-0.324998	
-0.349998	
-0.374998	
-0.399998	
-0.424998	
-0.449998	
-0.474998	
-0.499998	
-0.524998	
-0.549998	
-0.574998	
-0.599998	
-0.624998	
-0.649998	
-0.674998	
-0.699998	
-0.724998	
-0.749998	
-0.774998	
-0.799998	
-0.824998	
-0.849998	
-0.874997	
-0.899997	
-0.924997	
-0.949997	
-0.974997	
-0.999997	
0.975003	
0.950003	
0.925003	
0.900003	
0.875003	
0.850003	
0.825003	
0.800003	
0.775002	
0.750003	
0.725003	
0.700002	
0.675002	
0.650002	
0.625003	
0.600002	
0.575002	
0.550002	
0.525002	
0.500002	
0.475002	
0.450002	
0.425003	
0.400003	
0.375003	
0.350003	
0.325003	
0.300003	
0.275003	
0.250003	
0.225003	
0.200003	
0.175003	
0.150003	
0.125003	
0.100003	
0.075003	
0.050003	
0.025003	
0.000003	
-0.024997	
-0.049997	
-0.074997	
-0.099997	
-0.124997	
-0.149997	
-0.174997	
-0.199997	
-0.224997	
-0.249997	
-0.274997	
-0.299997	
-0.324997	
-0.349997	
-0.374997	
-0.399997	
-0.424997	
-0.449997	
-0.474997	
-0.499997	
-0.524997	
-0.549997	
-0.574997	
-0.599997	
-0.624997	
-0.649997	
-0.674996	
-0.699996	
-0.724996	
-0.749996	
-0.774996	
-0.799996	
-0.824996	
-0.849996	
-0.874996	
-0.899996	
-0.924996	
-0.949996	
-0.974996	
-0.999996	
0.975004	
0.950004	
0.925004	
0.900004	
0.875004	
0.850004	
0.825004	
0.800004	
0.775004	
0.750004	
0.725004	
0.700004	
0.675004	
0.650004	
0.625004	
0.600004	
0.575004	
0.550004	
0.525004	
0.500004	
0.475004	
0.450004	
0.425004	
0.400004	
0.375004	
0.350004	
0.325004	
0.300004	
0.275004	
0.250004	
0.225004	
0.200004	
0.175004	
0.150004	
0.125004	
0.100004	
0.075004	
0.050004	
0.025004	
0.000004	
-0.024996	
-0.049996	
-0.074996	
-0.099996	
-0.124996	
-0.149996	
-0.174996	
-0.199996	
-0.224996	
-0.249996	
-0.274996	
-0.299996	
-0.324996	
-0.349996	
-0.374996	
-0.399996	
-0.424996	
-0.449996	
-0.474995	
-0.499995	
-0.524995	
-0.549995	
-0.574995	
-0.599995	
-0.624995	
-0.649995	
-0.674995	
-0.699995	
-0.724995	
-0.749995	
-0.774995	
-0.799995	
-0.824995	
-0.849995	
-0.874995	
-0.899995	
-0.924995	
-0.949995	
-0.974995	
-0.999995	
0.975005	
0.950005	
0.925005	
0.900005	
0.875005	
0.850005	
0.825005	
0.800005	
0.775005	
0.750005	
0.725005	
0.700005	
0.675005	
0.650005	
0.625005	
0.600005	
0.575005	
0.550005	
0.525005	
0.500005	
0.475005	
0.450005	
0.425005	
0.400005	
0.375005	
0.350005	
0.325005	
0.300005	
0.275005	
0.250005	
0.225005	
0.200005	
0.175005	
0.150005	
0.125005	
0.100005	
0.075005	
0.050005	
0.025005	
0.000005	
-0.024995	
-0.049995	
-0.074995	
-0.099995	
-0.124995	
-0.149995	
-0.174995	
-0.199995	
-0.224995	
-0.249995	
-0.274994	
-0.299994	
-0.324994	
-0.349994	
-0.374994	
-0.399994	
-0.424994	
-0.449994	
-0.474994	
-0.499994	
-0.524994	
-0.549994	
-0.574994	
-0.599994	
-0.624994	
-0.649994	
-0.674994	
-0.699994	
-0.724994	
-0.749994	
-0.774994	
-0.799994	
-0.824994	
-0.849994	
-0.874994	
-0.899994	
-0.924994	
-0.949994	
-0.974994	
-0.999994	
0.975006	
0.950006	
0.925006	
0.900006	
0.875006	
0.850006	
0.825006	
0.800006	
0.775006	
0.750006	
0.725006	
0.700006	
0.675006	
0.650006	
0.625006	
0.600006	
0.575006	
0.550006	
0.525006	
0.500006	
0.475006	
0.450006	
0.425006	
0.400006	
0.375006	
0.350006	
0.325006	
0.300006	
0.275006	
0.250006	
0.225006	
0.200006	
0.175006	
0.150006	
0.125006	
0.100006	
0.075006	
0.050006	
0.025006	
0.000006	
-0.024994	
-0.049994	
-0.074993	
-0.099993	
-0.124993	
-0.149993	
-0.174993	
-0.199993	
-0.224993	
-0.249993	
-0.274993	
-0.299993	
-0.324993	
-0.349993	
-0.374993	
-0.399993	
-0.424993	
-0.449993	
-0.474993	
-0.499993	
-0.524993	
-0.549993	
-0.574993	
-0.599993	
-0.624993	
-0.649993	
-0.674993	
-0.699993	
-0.724993	
-0.749993	
-0.774993	
-0.799993	
-0.824993	
-0.849993	
-0.874993	
-0.899993	
-0.924993	
-0.949993	
-0.974993	
-0.999993	
0.975007	
0.950007	
0.925007	
0.900007	
0.875007	
0.850007	
0.825007	
0.800007	
0.775007	
0.750007	
0.725007	
0.700007	
0.675007	
0.650007	
0.625007	
0.600007	
0.575007	
0.550007	
0.525007	
0.500007	
0.475007	
0.450007	
0.425007	
0.400007	
0.375007	
0.350007	
0.325007	
0.300007	
0.275007	
0.250007	
0.225007	
0.200007	
