0.950000	
0.900000	
0.850000	
0.800000	
0.750000	
0.700000	
0.650000	
0.600000	
0.550000	
0.500000	
0.450000	
0.400000	
0.350000	
0.300000	
0.250000	
0.200000	
0.150000	
0.100000	
0.050000	
-0.000000	
-0.050000	
-0.100000	
-0.150000	
-0.200000	
-0.250000	
-0.300000	
-0.350000	
-0.400000	
-0.450000	
-0.500000	
-0.550000	
-0.600000	
-0.649999	
-0.699999	
-0.749999	
-0.799999	
-0.849999	
-0.899999	
-0.949999	
-0.999999	
-0.950001	
-0.900001	
-0.850001	
-0.800001	
-0.750001	
-0.700001	
-0.650001	
-0.600001	
-0.550001	
-0.500001	
-0.450001	
-0.400001	
-0.350001	
-0.300001	
-0.250001	
-0.200001	
-0.150002	
-0.100002	
-0.050002	
-0.000002	
0.049998	
0.099998	
0.149998	
0.199998	
0.249998	
0.299998	
0.349998	
0.399998	
0.449998	
0.499998	
0.549998	
0.599998	
0.649998	
0.699998	
0.749998	
0.799998	
0.849998	
0.899997	
0.949997	
0.999997	
0.950003	
0.900003	
0.850003	
0.800003	
0.750003	
0.700003	
0.650003	
0.600003	
0.550003	
0.500003	
0.450003	
0.400003	
0.350003	
0.300003	
0.250003	
0.200003	
0.150002	
0.100003	
0.050003	
0.000003	
-0.049997	
-0.099997	
-0.149997	
-0.199997	
-0.249997	
-0.299997	
-0.349997	
-0.399997	
-0.449997	
-0.499997	
-0.549997	
-0.599997	
-0.649997	
-0.699997	
-0.749997	
-0.799997	
-0.849997	
-0.899997	
-0.949997	
-0.999997	
-0.950003	
-0.900003	
-0.850003	
-0.800004	
-0.750004	
-0.700004	
-0.650004	
-0.600004	
-0.550004	
-0.500004	
-0.450004	
-0.400004	
-0.350004	
-0.300004	
-0.250004	
-0.200004	
-0.150004	
-0.100004	
-0.050004	
-0.000004	
0.049996	
0.099996	
0.149996	
0.199996	
0.249995	
0.299995	
0.349995	
0.399995	
0.449995	
0.499995	
0.549995	
0.599995	
0.649995	
0.699995	
0.749995	
0.799995	
0.849995	
0.899995	
0.949995	
0.999995	
0.950005	
0.900005	
0.850005	
0.800005	
0.750005	
0.700005	
0.650005	
0.600005	
0.550005	
0.500005	
0.450005	
0.400005	
0.350005	
0.300005	
0.250005	
0.200005	
0.150005	
0.100005	
0.050005	
0.000005	
-0.049995	
-0.099995	
-0.149995	
-0.199995	
-0.249995	
-0.299995	
-0.349995	
-0.399995	
-0.449995	
-0.499995	
-0.549995	
-0.599995	
-0.649994	
-0.699994	
-0.749994	
-0.799994	
-0.849994	
-0.899994	
-0.949994	
-0.999994	
-0.950006	
-0.900006	
-0.850006	
-0.800006	
-0.750006	
-0.700006	
-0.650006	
-0.600006	
-0.550006	
-0.500006	
-0.450006	
-0.400006	
-0.350006	
-0.300006	
-0.250006	
-0.200006	
-0.150007	
-0.100007	
-0.050007	
-0.000007	
0.049993	
0.099993	
0.149993	
0.199993	
0.249993	
0.299993	
0.349993	
0.399993	
0.449993	
0.499993	
0.549993	
0.599993	
0.649993	
0.699993	
0.749993	
0.799993	
0.849993	
0.899992	
0.949992	
0.999992	
0.950007	
0.900007	
0.850007	
0.800007	
0.750007	
0.700007	
0.650007	
0.600007	
0.550007	
0.500007	
0.450007	
0.400007	
0.350007	
0.300007	
0.250007	
0.200007	
0.150007	
0.100007	
0.050007	
0.000007	
-0.049993	
-0.099993	
-0.149993	
-0.199993	
-0.249992	
-0.299992	
-0.349992	
-0.399992	
-0.449992	
-0.499992	
-0.549992	
-0.599992	
-0.649992	
-0.699992	
-0.749992	
-0.799992	
-0.849992	
-0.899992	
-0.949992	
-0.999992	
-0.950008	
-0.900008	
-0.850008	
-0.800008	
-0.750008	
-0.700008	
-0.650008	
-0.600008	
-0.550009	
-0.500009	
-0.450009	
-0.400009	
-0.350009	
-0.300009	
-0.250009	
-0.200009	
-0.150009	
-0.100009	
-0.050009	
-0.000009	
0.049991	
0.099991	
0.149991	
0.199991	
0.249991	
0.299991	
0.349991	
0.399991	
0.449991	
0.499990	
0.549990	
0.599990	
0.649990	
0.699990	
0.749990	
0.799990	
0.849990	
0.899990	
0.949990	
0.999990	
0.950010	
0.900010	
0.850010	
0.800010	
0.750010	
0.700010	
0.650010	
0.600010	
0.550010	
0.500010	
0.450010	
0.400010	
0.350010	
0.300010	
0.250010	
0.200010	
0.150010	
0.100010	
0.050010	
0.000010	
-0.049990	
-0.099990	
-0.149990	
-0.199990	
-0.249990	
-0.299990	
-0.349990	
-0.399990	
-0.449990	
-0.499990	
-0.549990	
-0.599990	
-0.649990	
-0.699990	
-0.749990	
-0.799990	
-0.849990	
-0.899989	
-0.949989	
-0.999989	
-0.950011	
-0.900011	
-0.850011	
-0.800011	
-0.750011	
-0.700011	
-0.650011	
-0.600011	
-0.550011	
-0.500011	
-0.450011	
-0.400011	
-0.350011	
-0.300011	
-0.250011	
-0.200011	
-0.150011	
-0.100011	
-0.050011	
-0.000011	
0.049989	
0.099988	
0.149988	
0.199988	
0.249988	
0.299988	
0.349988	
0.399988	
0.449988	
0.499988	
0.549988	
0.599988	
0.649988	
0.699988	
0.749988	
0.799988	
0.849988	
0.899988	
0.949988	
0.999988	
0.950012	
0.900012	
0.850012	
0.800012	
0.750012	
0.700012	
0.650012	
0.600012	
0.550012	
0.500012	
0.450012	
0.400012	
0.350012	
0.300012	
0.250012	
0.200012	
0.150012	
0.100012	
0.050012	
0.000012	
-0.049988	
-0.099988	
-0.149988	
-0.199988	
-0.249988	
-0.299988	
-0.349988	
-0.399988	
-0.449988	
-0.499987	
-0.549987	
-0.599987	
-0.649987	
-0.699987	
-0.749987	
-0.799987	
-0.849987	
-0.899987	
-0.949987	
-0.999987	
-0.950013	
-0.900013	
-0.850013	
-0.800013	
-0.750013	
-0.700013	
-0.650013	
-0.600013	
-0.550013	
-0.500013	
-0.450013	
-0.400013	
-0.350013	
-0.300014	
-0.250014	
-0.200014	
-0.150014	
-0.100014	
-0.050014	
-0.000014	
0.049986	
0.099986	
0.149986	
0.199986	
0.249986	
0.299986	
0.349986	
0.399986	
0.449986	
0.499986	
0.549986	
0.599986	
0.649986	
0.699986	
0.749985	
0.799985	
0.849985	
0.899985	
0.949985	
0.999985	
0.950015	
0.900015	
0.850015	
0.800015	
0.750015	
0.700015	
0.650015	
0.600015	
0.550014	
0.500015	
0.450015	
0.400015	
0.350014	
0.300014	
0.250015	
0.200014	
0.150014	
0.100014	
0.050014	
0.000014	
-0.049986	
-0.099985	
-0.149985	
-0.199985	
-0.249985	
-0.299985	
-0.349985	
-0.399985	
-0.449985	
-0.499985	
-0.549985	
-0.599985	
