0.0
0.039013343542018
0.077734391964134
0.11588375882036
0.15320648218016
0.18948102719353
0.22452511707405
0.25819825611494
0.29040126349178
0.32107344225607
0.35018813996958
0.37774745661925
0.40377663976397
0.42831879911466
0.45143006359426
0.47317545134977
0.49362537552979
0.51285290748585
0.53093172943291
0.5479344816654
0.56393167580755
0.57899084624402
0.59317619463137
0.60654823160462
0.61916355932801
0.63107517480459
0.64233218340265
0.65298021564978
0.66306153271376
0.67261514860261
0.68167711453165
0.69028067955419
0.6984565592763
0.70623304774479
0.71363625005991
0.72069029235681
0.72741742922736
0.7338382162437
0.73997162114933
0.7458352460577
0.75144533783853
0.75681695914443
0.76196405995492
0.76689961987398
0.77163566557259
0.77618336288047
0.78055309887423
0.78475456558549
0.78879679343262
0.79268820387542
0.7964366199458
0.80004940698629
0.80353341541047
0.80689505719294
0.81014037176101
0.81327498766014
0.8163042018531
0.81923297297177
0.82206597595647
0.82480760725057
0.82746200460632
0.83003303887008
0.83252442427819
0.83493958736897
0.83728180109952
0.83955416893664
0.84175961238677
0.8439008837837
0.84598059981034
0.84800123889426
0.84996515002045
0.8518745608934
0.85373158550241
0.85553823113921
0.85729640491258
0.85900791064566
0.8606744913335
0.86229777006747
0.86387932733268
0.86542064314335
0.8669231368378
0.8683881620864
0.86981702622798
0.87121094611637
0.87257110713452
0.87389863440712
0.87519461081345
0.87646006480098
0.87769598743547
0.87890331370277
0.88008293933404
0.88123576196841
0.88236258971066
0.88346421072014
0.88454141834032
0.88559492447344
0.88662544891271
0.88763364733307
0.88862019623458
0.88958569977737
0.89053076158673
0.89145597301152
0.89236188107674
0.89324902301734
0.89411791594733
0.8949690475415
0.89580291800354
0.8966199591536
0.8974206367552
0.8982053801013
0.89897459370692
0.89972867734188
0.90046801674156
0.90119299327167
0.90190395703503
0.90260125513869
0.9032852315603
0.90395620132488
0.90461448598007
0.90526037950647
0.90589418279448
0.9065161704437
0.90712663231269
0.9077258248209
0.90831400410772
0.90889141812947
0.90945831459624
0.91001492574476
0.91056147653907
0.91109819229396
0.91162527670616
0.9121429416904
0.91265138547601
0.91315080027313
0.91364138636828
0.91412331724827
0.91459676811029
0.9150619156666
0.91551893132406
0.91596797480039
0.91640919464756
0.91684276093283
0.91726880671667
0.91768749292405
0.91809894443364
0.91850331362762
0.91890071774922
0.91929129512336
0.91967517405839
0.92005247326392
0.92042331404085
0.92078780258317
0.92114606536519
0.92149820801413
0.9218443275692
0.92218454102065
0.92251894526944
0.92284763458339
0.92317071167395
0.92348826550064
0.92380038262443
0.92410716337763
0.92440868402091
0.92470503464607
0.92499629240523
0.92528253759282
0.92556385350685
0.92584031094278
0.92611198390014
0.92637894944946
0.92664126754376
0.92689901647347
0.9271522575886
0.92740106043329
0.92764548293566
0.92788559117577
0.92812144465765
0.92835309651296
0.92858061271578
0.9288040433157
0.92902344171146
0.9292388645397
0.9294503669308
0.92965798870739
0.92986179151989
0.93006181260396
0.93025810628638
0.93045071192914
0.93063968125315
0.93082505122675
0.93100686664881
0.9311851666913
0.93135999382861
0.93153138937953
0.93169938918382
0.93186402806307
0.93202534846094
0.9321833788152
0.93233815522967
0.93248971279548
0.93263808561335
0.93278330260069
0.93292539599436
0.93306439710051
0.93320033215139
0.93333323484444
0.93346312554569
0.93359004034609
0.93371399797276
0.93383502461532
0.93395314971885
0.93406839781735
0.93418078457904
0.93429034112348
0.93439708566042
0.93450103971004
0.93460222804995
0.93470066673236
0.93479637511492
0.93488937185623
0.93497967887067
0.9350673134176
0.93515229208898
0.9352346308184
0.93531434098551
0.93539144894468
0.93546596087767
0.93553789404429
0.93560726505156
0.93567408214152
0.9357383606905
0.93580011544629
0.93585935285914
0.93591608648571
0.93597033310067
0.93602209357622
0.93607138351789
0.93611820649508
0.93616258074853
0.93620450870901
0.93624399606785
0.9362810555432
0.93631569170288
0.93634790857165
0.93637771718719
0.93640512047296
0.93643012458748
0.93645273137486
0.93647294967779
0.93649078026108
0.93650622335928
0.93651928995761
0.93652997545754
0.93653828601137
0.93654421971978
0.93654777791115
0.93654896513889
0.93654777791115
0.93654421971978
0.93653828601137
0.93652997545754
0.93651928995761
0.93650622335928
0.93649078026108
0.93647294967779
0.93645273137486
0.93643012458748
0.93640512047296
0.93637771718719
0.93634790857165
0.93631569170288
0.9362810555432
0.93624399606785
0.93620450870901
0.93616258074853
0.93611820649508
0.93607138351789
0.93602209357622
0.93597033310067
0.93591608648571
0.93585935285914
0.93580011544629
0.9357383606905
0.93567408214152
0.93560726505156
0.93553789404429
0.93546596087767
0.93539144894468
0.93531434098551
0.9352346308184
0.93515229208898
0.9350673134176
0.93497967887067
0.93488937185623
0.93479637511492
0.93470066673236
0.93460222804995
0.93450103971004
0.93439708566042
0.93429034112348
0.93418078457904
0.93406839781735
0.93395314971885
0.93383502461532
0.93371399797276
0.93359004034609
0.93346312554569
0.93333323484444
0.93320033215139
0.93306439710051
0.93292539599436
0.93278330260069
0.93263808561335
0.93248971279548
0.93233815522967
0.9321833788152
0.93202534846094
0.93186402806307
0.93169938918382
0.93153138937953
0.93135999382861
0.9311851666913
0.93100686664881
0.93082505122675
0.93063968125315
0.93045071192914
0.93025810628638
0.93006181260396
0.92986179151989
0.92965798870739
0.9294503669308
0.9292388645397
0.92902344171146
0.9288040433157
0.92858061271578
0.92835309651296
0.92812144465765
0.92788559117577
0.92764548293566
0.92740106043329
0.9271522575886
0.92689901647347
0.92664126754376
0.92637894944946
0.92611198390014
0.92584031094278
0.92556385350685
0.92528253759282
0.92499629240523
0.92470503464607
0.92440868402091
0.92410716337763
0.92380038262443
0.92348826550064
0.92317071167395
0.92284763458339
0.92251894526944
0.92218454102065
0.9218443275692
0.92149820801413
0.92114606536519
0.92078780258317
0.92042331404085
0.92005247326392
0.91967517405839
0.91929129512336
0.91890071774922
0.91850331362762
0.91809894443364
0.91768749292405
0.91726880671667
0.91684276093283
0.91640919464756
0.91596797480039
0.91551893132406
0.9150619156666
0.91459676811029
0.91412331724827
0.91364138636828
0.91315080027313
0.91265138547601
0.9121429416904
0.91162527670616
0.91109819229396
0.91056147653907
0.91001492574476
0.90945831459624
0.90889141812947
0.90831400410772
0.9077258248209
0.90712663231269
0.9065161704437
0.90589418279448
0.90526037950647
0.90461448598007
0.90395620132488
0.9032852315603
0.90260125513869
0.90190395703503
0.90119299327167
0.90046801674156
0.89972867734188
0.89897459370692
0.8982053801013
0.8974206367552
0.8966199591536
0.89580291800354
0.8949690475415
0.89411791594733
0.89324902301734
0.89236188107674
0.89145597301152
0.89053076158673
0.88958569977737
0.88862019623458
0.88763364733307
0.88662544891271
0.88559492447344
0.88454141834032
0.88346421072014
0.88236258971066
0.88123576196841
0.88008293933404
0.87890331370277
0.87769598743547
0.87646006480098
0.87519461081345
0.87389863440712
0.87257110713452
0.87121094611637
0.86981702622798
0.8683881620864
0.8669231368378
0.86542064314335
0.86387932733268
0.86229777006747
0.8606744913335
0.85900791064566
0.85729640491258
0.85553823113921
0.85373158550241
0.8518745608934
0.84996515002045
0.84800123889426
0.84598059981034
0.8439008837837
0.84175961238677
0.83955416893664
0.83728180109952
0.83493958736897
0.83252442427819
0.83003303887008
0.82746200460632
0.82480760725057
0.82206597595647
0.81923297297177
0.8163042018531
0.81327498766014
0.81014037176101
0.80689505719294
0.80353341541047
0.80004940698629
0.7964366199458
0.79268820387542
0.78879679343262
0.78475456558549
0.78055309887423
0.77618336288047
0.77163566557259
0.76689961987398
0.76196405995492
0.75681695914443
0.75144533783853
0.7458352460577
0.73997162114933
0.7338382162437
0.72741742922736
0.72069029235681
0.71363625005991
0.70623304774479
0.6984565592763
0.69028067955419
0.68167711453165
0.67261514860261
0.66306153271376
0.65298021564978
0.64233218340265
0.63107517480459
0.61916355932801
0.60654823160462
0.59317619463137
0.57899084624402
0.56393167580755
0.5479344816654
0.53093172943291
0.51285290748585
0.49362537552979
0.47317545134977
0.45143006359426
0.42831879911466
0.40377663976397
0.37774745661925
0.35018813996958
0.32107344225607
0.29040126349178
0.25819825611494
0.22452511707405
0.18948102719353
0.15320648218016
0.11588375882036
0.077734391964134
0.039013343542018
-2.0277586942594e-13
-0.039013343542018
-0.077734391964134
-0.11588375882036
-0.15320648218016
-0.18948102719353
-0.22452511707405
-0.25819825611494
-0.29040126349178
-0.32107344225607
-0.35018813996958
-0.37774745661925
-0.40377663976397
-0.42831879911466
-0.45143006359426
-0.47317545134977
-0.49362537552979
-0.51285290748585
-0.53093172943291
-0.5479344816654
-0.56393167580755
-0.57899084624402
-0.59317619463137
-0.60654823160462
-0.61916355932801
-0.63107517480459
-0.64233218340265
-0.65298021564978
-0.66306153271376
-0.67261514860261
-0.68167711453165
-0.69028067955419
-0.6984565592763
-0.70623304774479
-0.71363625005991
-0.72069029235681
-0.72741742922736
-0.7338382162437
-0.73997162114933
-0.7458352460577
-0.75144533783853
-0.75681695914443
-0.76196405995492
-0.76689961987398
-0.77163566557259
-0.77618336288047
-0.78055309887423
-0.78475456558549
-0.78879679343262
-0.79268820387542
-0.7964366199458
-0.80004940698629
-0.80353341541047
-0.80689505719294
-0.81014037176101
-0.81327498766014
-0.8163042018531
-0.81923297297177
-0.82206597595647
-0.82480760725057
-0.82746200460632
-0.83003303887008
-0.83252442427819
-0.83493958736897
-0.83728180109952
-0.83955416893664
-0.84175961238677
-0.8439008837837
-0.84598059981034
-0.84800123889426
-0.84996515002045
-0.8518745608934
-0.85373158550241
-0.85553823113921
-0.85729640491258
-0.85900791064566
-0.8606744913335
-0.86229777006747
-0.86387932733268
-0.86542064314335
-0.8669231368378
-0.8683881620864
-0.86981702622798
-0.87121094611637
-0.87257110713452
-0.87389863440712
-0.87519461081345
-0.87646006480098
-0.87769598743547
-0.87890331370277
-0.88008293933404
-0.88123576196841
-0.88236258971066
-0.88346421072014
-0.88454141834032
-0.88559492447344
-0.88662544891271
-0.88763364733307
-0.88862019623458
-0.88958569977737
-0.89053076158673
-0.89145597301152
-0.89236188107674
-0.89324902301734
-0.89411791594733
-0.8949690475415
-0.89580291800354
-0.8966199591536
-0.8974206367552
-0.8982053801013
-0.89897459370692
-0.89972867734188
-0.90046801674156
-0.90119299327167
-0.90190395703503
-0.90260125513869
-0.9032852315603
-0.90395620132488
-0.90461448598007
-0.90526037950647
-0.90589418279448
-0.9065161704437
-0.90712663231269
-0.9077258248209
-0.90831400410772
-0.90889141812947
-0.90945831459624
-0.91001492574476
-0.91056147653907
-0.91109819229396
-0.91162527670616
-0.9121429416904
-0.91265138547601
-0.91315080027313
-0.91364138636828
-0.91412331724827
-0.91459676811029
-0.9150619156666
-0.91551893132406
-0.91596797480039
-0.91640919464756
-0.91684276093283
-0.91726880671667
-0.91768749292405
-0.91809894443364
-0.91850331362762
-0.91890071774922
-0.91929129512336
-0.91967517405839
-0.92005247326392
-0.92042331404085
-0.92078780258317
-0.92114606536519
-0.92149820801413
-0.9218443275692
-0.92218454102065
-0.92251894526944
-0.92284763458339
-0.92317071167395
-0.92348826550064
-0.92380038262443
-0.92410716337763
-0.92440868402091
-0.92470503464607
-0.92499629240523
-0.92528253759282
-0.92556385350685
-0.92584031094278
-0.92611198390014
-0.92637894944946
-0.92664126754376
-0.92689901647347
-0.9271522575886
-0.92740106043329
-0.92764548293566
-0.92788559117577
-0.92812144465765
-0.92835309651296
-0.92858061271578
-0.9288040433157
-0.92902344171146
-0.9292388645397
-0.9294503669308
-0.92965798870739
-0.92986179151989
-0.93006181260396
-0.93025810628638
-0.93045071192914
-0.93063968125315
-0.93082505122675
-0.93100686664881
-0.9311851666913
-0.93135999382861
-0.93153138937953
-0.93169938918382
-0.93186402806307
-0.93202534846094
-0.9321833788152
-0.93233815522967
-0.93248971279548
-0.93263808561335
-0.93278330260069
-0.93292539599436
-0.93306439710051
-0.93320033215139
-0.93333323484444
-0.93346312554569
-0.93359004034609
-0.93371399797276
-0.93383502461532
-0.93395314971885
-0.93406839781735
-0.93418078457904
-0.93429034112348
-0.93439708566042
-0.93450103971004
-0.93460222804995
-0.93470066673236
-0.93479637511492
-0.93488937185623
-0.93497967887067
-0.9350673134176
-0.93515229208898
-0.9352346308184
-0.93531434098551
-0.93539144894468
-0.93546596087767
-0.93553789404429
-0.93560726505156
-0.93567408214152
-0.9357383606905
-0.93580011544629
-0.93585935285914
-0.93591608648571
-0.93597033310067
-0.93602209357622
-0.93607138351789
-0.93611820649508
-0.93616258074853
-0.93620450870901
-0.93624399606785
-0.9362810555432
-0.93631569170288
-0.93634790857165
-0.93637771718719
-0.93640512047296
-0.93643012458748
-0.93645273137486
-0.93647294967779
-0.93649078026108
-0.93650622335928
-0.93651928995761
-0.93652997545754
-0.93653828601137
-0.93654421971978
-0.93654777791115
-0.93654896513889
-0.93654777791115
-0.93654421971978
-0.93653828601137
-0.93652997545754
-0.93651928995761
-0.93650622335928
-0.93649078026108
-0.93647294967779
-0.93645273137486
-0.93643012458748
-0.93640512047296
-0.93637771718719
-0.93634790857165
-0.93631569170288
-0.9362810555432
-0.93624399606785
-0.93620450870901
-0.93616258074853
-0.93611820649508
-0.93607138351789
-0.93602209357622
-0.93597033310067
-0.93591608648571
-0.93585935285914
-0.93580011544629
-0.9357383606905
-0.93567408214152
-0.93560726505156
-0.93553789404429
-0.93546596087767
-0.93539144894468
-0.93531434098551
-0.9352346308184
-0.93515229208898
-0.9350673134176
-0.93497967887067
-0.93488937185623
-0.93479637511492
-0.93470066673236
-0.93460222804995
-0.93450103971004
-0.93439708566042
-0.93429034112348
-0.93418078457904
-0.93406839781735
-0.93395314971885
-0.93383502461532
-0.93371399797276
-0.93359004034609
-0.93346312554569
-0.93333323484444
-0.93320033215139
-0.93306439710051
-0.93292539599436
-0.93278330260069
-0.93263808561335
-0.93248971279548
-0.93233815522967
-0.9321833788152
-0.93202534846094
-0.93186402806307
-0.93169938918382
-0.93153138937953
-0.93135999382861
-0.9311851666913
-0.93100686664881
-0.93082505122675
-0.93063968125315
-0.93045071192914
-0.93025810628638
-0.93006181260396
-0.92986179151989
-0.92965798870739
-0.9294503669308
-0.9292388645397
-0.92902344171146
-0.9288040433157
-0.92858061271578
-0.92835309651296
-0.92812144465765
-0.92788559117577
-0.92764548293566
-0.92740106043329
-0.9271522575886
-0.92689901647347
-0.92664126754376
-0.92637894944946
-0.92611198390014
-0.92584031094278
-0.92556385350685
-0.92528253759282
-0.92499629240523
-0.92470503464607
-0.92440868402091
-0.92410716337763
-0.92380038262443
-0.92348826550064
-0.92317071167395
-0.92284763458339
-0.92251894526944
-0.92218454102065
-0.9218443275692
-0.92149820801413
-0.92114606536519
-0.92078780258317
-0.92042331404085
-0.92005247326392
-0.91967517405839
-0.91929129512336
-0.91890071774922
-0.91850331362762
-0.91809894443364
-0.91768749292405
-0.91726880671667
-0.91684276093283
-0.91640919464756
-0.91596797480039
-0.91551893132406
-0.9150619156666
-0.91459676811029
-0.91412331724827
-0.91364138636828
-0.91315080027313
-0.91265138547601
-0.9121429416904
-0.91162527670616
-0.91109819229396
-0.91056147653907
-0.91001492574476
-0.90945831459624
-0.90889141812947
-0.90831400410772
-0.9077258248209
-0.90712663231269
-0.9065161704437
-0.90589418279448
-0.90526037950647
-0.90461448598007
-0.90395620132488
-0.9032852315603
-0.90260125513869
-0.90190395703503
-0.90119299327167
-0.90046801674156
-0.89972867734188
-0.89897459370692
-0.8982053801013
-0.8974206367552
-0.8966199591536
-0.89580291800354
-0.8949690475415
-0.89411791594733
-0.89324902301734
-0.89236188107674
-0.89145597301152
-0.89053076158673
-0.88958569977737
-0.88862019623458
-0.88763364733307
-0.88662544891271
-0.88559492447344
-0.88454141834032
-0.88346421072014
-0.88236258971066
-0.88123576196841
-0.88008293933404
-0.87890331370277
-0.87769598743547
-0.87646006480098
-0.87519461081345
-0.87389863440712
-0.87257110713452
-0.87121094611637
-0.86981702622798
-0.8683881620864
-0.8669231368378
-0.86542064314335
-0.86387932733268
-0.86229777006747
-0.8606744913335
-0.85900791064566
-0.85729640491258
-0.85553823113921
-0.85373158550241
-0.8518745608934
-0.84996515002045
-0.84800123889426
-0.84598059981034
-0.8439008837837
-0.84175961238677
-0.83955416893664
-0.83728180109952
-0.83493958736897
-0.83252442427819
-0.83003303887008
-0.82746200460632
-0.82480760725057
-0.82206597595647
-0.81923297297177
-0.8163042018531
-0.81327498766014
-0.81014037176101
-0.80689505719294
-0.80353341541047
-0.80004940698629
-0.7964366199458
-0.79268820387542
-0.78879679343262
-0.78475456558549
-0.78055309887423
-0.77618336288047
-0.77163566557259
-0.76689961987398
-0.76196405995492
-0.75681695914443
-0.75144533783853
-0.7458352460577
-0.73997162114933
-0.7338382162437
-0.72741742922736
-0.72069029235681
-0.71363625005991
-0.70623304774479
-0.6984565592763
-0.69028067955419
-0.68167711453165
-0.67261514860261
-0.66306153271376
-0.65298021564978
-0.64233218340265
-0.63107517480459
-0.61916355932801
-0.60654823160462
-0.59317619463137
-0.57899084624402
-0.56393167580755
-0.5479344816654
-0.53093172943291
-0.51285290748585
-0.49362537552979
-0.47317545134977
-0.45143006359426
-0.42831879911466
-0.40377663976397
-0.37774745661925
-0.35018813996958
-0.32107344225607
-0.29040126349178
-0.25819825611494
-0.22452511707405
-0.18948102719353
-0.15320648218016
-0.11588375882036
-0.077734391964134
-0.039013343542018
