0.0
0.0039061764825934
0.007811911850151
0.011716765231127
0.015620296240604
0.019522065222719
0.023421633492037
0.027318563573518
0.031212419440728
0.035102766751962
0.038989173083949
0.042871210523644
0.046748448809492
0.050620462646068
0.054486829560482
0.05834713482266
0.062200962234754
0.066047894364531
0.069887526837679
0.073719454435778
0.077543280665824
0.081358599247955
0.085165027015675
0.08896218534032
0.092749667792084
0.096527128650574
0.10029417152987
0.10405043315522
0.10779556481396
0.11152920480111
0.11525100627126
0.11896061894728
0.12265771675171
0.1263419612388
0.13001302009578
0.13367058538902
0.13731434627479
0.14094399821631
0.14455922504422
0.14815975314989
0.15174528836437
0.15531555210193
0.15887026346747
0.16240917495027
0.16593202778846
0.16943856107829
0.17292852072877
0.17640167702976
0.17985780688922
0.18329669382918
0.18671809320217
0.19012181939375
0.19350765859031
0.19687540375561
0.20022488891953
0.20355592016602
0.20686832729734
0.21016192953639
0.21343656961609
0.21669209656823
0.2199283656655
0.22314520488843
0.22634253219497
0.22952017117621
0.23267800179134
0.23581592638723
0.23893383645804
0.24203161287809
0.24510915872913
0.24816638266513
0.25120319882411
0.25421952673792
0.25721529124012
0.26019042237228
0.2631448552886
0.26607851431219
0.26899137628991
0.27188335949961
0.27475445006735
0.27760459145501
0.2804337474235
0.28324188614839
0.28602901090485
0.28879506734379
0.29154005153357
0.29426394808799
0.29696676065714
0.29964848136103
0.30230912102268
0.30494866391821
0.30756709807348
0.31016450404817
0.31274084641196
0.31529612306657
0.31783042300353
0.32034372045911
0.32283608031396
0.32530748288742
0.32775802694069
0.33018769811866
0.33259654232994
0.33498463603949
0.33735200081327
0.33969868884549
0.34202475425184
0.34433022509931
0.34661521498742
0.34887969999792
0.35112379687161
0.35334756809154
0.35555105028759
0.35773430909244
0.35989741142165
0.36204045234144
0.36416347394508
0.36626654656748
0.3683497681416
0.37041318411228
0.37245689399082
0.37448094512341
0.37648543834646
0.37847042265387
0.3804360258983
0.3823822981548
0.38430931615909
0.38621715710045
0.38810592407309
0.38997569469767
0.39182654689452
0.39365858402729
0.39547185906766
0.39726647553112
0.39904251174727
0.40080004611145
0.40253920642366
0.40426004589852
0.40596264258254
0.40764709882405
0.40931351645201
0.41096197253545
0.41259251982219
0.41420530728945
0.41580036286741
0.41737783412468
0.41893774844523
0.42048025188168
0.42200537115025
0.42351322719952
0.42500391642755
0.42647751109787
0.42793410620612
0.42937374959035
0.43079658113196
0.43220267020008
0.43359206267244
0.43496489542231
0.43632123550044
0.43766114930726
0.43898474774483
0.44029209538629
0.44158325609882
0.44285836010388
0.44411744684308
0.4453606219393
0.44658794537972
0.44779949843743
0.4489953833012
0.45017565692771
0.45134039731287
0.45248970313592
0.45362360650828
0.45474222559284
0.45584561210406
0.45693385994131
0.45800701866555
0.45906517975056
0.46010841191851
0.46113676144659
0.46215033735494
0.46314918351967
0.4641333639829
0.46510296265183
0.46605806201881
0.46699868035608
0.46792493959394
0.46883685567475
0.4697345268708
0.47061798766387
0.47148733355124
0.47234259655656
0.47318384883762
0.47401114062245
0.47482454139864
0.47562411924759
0.47640992047112
0.47718199015677
0.47794041274701
0.47868521038111
0.47941644455344
0.48013417536252
0.48083846151496
0.48152934025638
0.48220686764236
0.48287109834345
0.48352206569446
0.48415984163741
0.48478443694875
0.48539594069716
0.48599436106035
0.48657974467553
0.48715215654781
0.48771164047648
0.4882581995559
0.48879191434001
0.48931280494156
0.48982090982127
0.49031628563486
0.4907989485281
0.49126893290548
0.49172627182241
0.49217101642606
0.49260319700085
0.49302284249074
0.4934299805002
0.4938246179543
0.49420683780332
0.49457662491118
0.49493402080781
0.49527906560366
0.49561175952831
0.49593213998916
0.49624024298623
0.49653606476029
0.49681963861738
0.49709101561242
0.49735016882439
0.49759714659131
0.49783193850013
0.49805460921907
0.49826514562785
0.49846355239491
0.4986498709651
0.49882410328141
0.49898624995905
0.4991363483304
0.49927439629494
0.49940040943018
0.49951438295002
0.49961634872464
0.49970629926114
0.49978422573052
0.49985017490747
0.49990411626738
0.49994607488382
0.49997603651768
0.49999400455527
0.5
0.49999400455527
0.49997603651768
0.49994607488382
0.49990411626738
0.49985017490747
0.49978422573052
0.49970629926114
0.49961634872464
0.49951438295002
0.49940040943018
0.49927439629494
0.4991363483304
0.49898624995905
0.49882410328141
0.4986498709651
0.49846355239491
0.49826514562785
0.49805460921907
0.49783193850013
0.49759714659131
0.49735016882439
0.49709101561242
0.49681963861738
0.49653606476029
0.49624024298623
0.49593213998916
0.49561175952831
0.49527906560366
0.49493402080781
0.49457662491118
0.49420683780332
0.4938246179543
0.4934299805002
0.49302284249074
0.49260319700085
0.49217101642606
0.49172627182241
0.49126893290548
0.4907989485281
0.49031628563486
0.48982090982127
0.48931280494156
0.48879191434001
0.4882581995559
0.48771164047648
0.48715215654781
0.48657974467553
0.48599436106035
0.48539594069716
0.48478443694875
0.48415984163741
0.48352206569446
0.48287109834345
0.48220686764236
0.48152934025638
0.48083846151496
0.48013417536252
0.47941644455344
0.47868521038111
0.47794041274701
0.47718199015677
0.47640992047112
0.47562411924759
0.47482454139864
0.47401114062245
0.47318384883762
0.47234259655656
0.47148733355124
0.47061798766387
0.4697345268708
0.46883685567475
0.46792493959394
0.46699868035608
0.46605806201881
0.46510296265183
0.4641333639829
0.46314918351967
0.46215033735494
0.46113676144659
0.46010841191851
0.45906517975056
0.45800701866555
0.45693385994131
0.45584561210406
0.45474222559284
0.45362360650828
0.45248970313592
0.45134039731287
0.45017565692771
0.4489953833012
0.44779949843743
0.44658794537972
0.4453606219393
0.44411744684308
0.44285836010388
0.44158325609882
0.44029209538629
0.43898474774483
0.43766114930726
0.43632123550044
0.43496489542231
0.43359206267244
0.43220267020008
0.43079658113196
0.42937374959035
0.42793410620612
0.42647751109787
0.42500391642755
0.42351322719952
0.42200537115025
0.42048025188168
0.41893774844523
0.41737783412468
0.41580036286741
0.41420530728945
0.41259251982219
0.41096197253545
0.40931351645201
0.40764709882405
0.40596264258254
0.40426004589852
0.40253920642366
0.40080004611145
0.39904251174727
0.39726647553112
0.39547185906766
0.39365858402729
0.39182654689452
0.38997569469767
0.38810592407309
0.38621715710045
0.38430931615909
0.3823822981548
0.3804360258983
0.37847042265387
0.37648543834646
0.37448094512341
0.37245689399082
0.37041318411228
0.3683497681416
0.36626654656748
0.36416347394508
0.36204045234144
0.35989741142165
0.35773430909244
0.35555105028759
0.35334756809154
0.35112379687161
0.34887969999792
0.34661521498742
0.34433022509931
0.34202475425184
0.33969868884549
0.33735200081327
0.33498463603949
0.33259654232994
0.33018769811866
0.32775802694069
0.32530748288742
0.32283608031396
0.32034372045911
0.31783042300353
0.31529612306657
0.31274084641196
0.31016450404817
0.30756709807348
0.30494866391821
0.30230912102268
0.29964848136103
0.29696676065714
0.29426394808799
0.29154005153357
0.28879506734379
0.28602901090485
0.28324188614839
0.2804337474235
0.27760459145501
0.27475445006735
0.27188335949961
0.26899137628991
0.26607851431219
0.2631448552886
0.26019042237228
0.25721529124012
0.25421952673792
0.25120319882411
0.24816638266513
0.24510915872913
0.24203161287809
0.23893383645804
0.23581592638723
0.23267800179134
0.22952017117621
0.22634253219497
0.22314520488843
0.2199283656655
0.21669209656823
0.21343656961609
0.21016192953639
0.20686832729734
0.20355592016602
0.20022488891953
0.19687540375561
0.19350765859031
0.19012181939375
0.18671809320217
0.18329669382918
0.17985780688922
0.17640167702976
0.17292852072877
0.16943856107829
0.16593202778846
0.16240917495027
0.15887026346747
0.15531555210193
0.15174528836437
0.14815975314989
0.14455922504422
0.14094399821631
0.13731434627479
0.13367058538902
0.13001302009578
0.1263419612388
0.12265771675171
0.11896061894728
0.11525100627126
0.11152920480111
0.10779556481396
0.10405043315522
0.10029417152987
0.096527128650574
0.092749667792084
0.08896218534032
0.085165027015675
0.081358599247955
0.077543280665824
0.073719454435778
0.069887526837679
0.066047894364531
0.062200962234754
0.05834713482266
0.054486829560482
0.050620462646068
0.046748448809492
0.042871210523644
0.038989173083949
0.035102766751962
0.031212419440728
0.027318563573518
0.023421633492037
0.019522065222719
0.015620296240604
0.011716765231127
0.007811911850151
0.0039061764825934
-2.0277586942594e-14
-0.0039061764825934
-0.007811911850151
-0.011716765231127
-0.015620296240604
-0.019522065222719
-0.023421633492037
-0.027318563573518
-0.031212419440728
-0.035102766751962
-0.038989173083949
-0.042871210523644
-0.046748448809492
-0.050620462646068
-0.054486829560482
-0.05834713482266
-0.062200962234754
-0.066047894364531
-0.069887526837679
-0.073719454435778
-0.077543280665824
-0.081358599247955
-0.085165027015675
-0.08896218534032
-0.092749667792084
-0.096527128650574
-0.10029417152987
-0.10405043315522
-0.10779556481396
-0.11152920480111
-0.11525100627126
-0.11896061894728
-0.12265771675171
-0.1263419612388
-0.13001302009578
-0.13367058538902
-0.13731434627479
-0.14094399821631
-0.14455922504422
-0.14815975314989
-0.15174528836437
-0.15531555210193
-0.15887026346747
-0.16240917495027
-0.16593202778846
-0.16943856107829
-0.17292852072877
-0.17640167702976
-0.17985780688922
-0.18329669382918
-0.18671809320217
-0.19012181939375
-0.19350765859031
-0.19687540375561
-0.20022488891953
-0.20355592016602
-0.20686832729734
-0.21016192953639
-0.21343656961609
-0.21669209656823
-0.2199283656655
-0.22314520488843
-0.22634253219497
-0.22952017117621
-0.23267800179134
-0.23581592638723
-0.23893383645804
-0.24203161287809
-0.24510915872913
-0.24816638266513
-0.25120319882411
-0.25421952673792
-0.25721529124012
-0.26019042237228
-0.2631448552886
-0.26607851431219
-0.26899137628991
-0.27188335949961
-0.27475445006735
-0.27760459145501
-0.2804337474235
-0.28324188614839
-0.28602901090485
-0.28879506734379
-0.29154005153357
-0.29426394808799
-0.29696676065714
-0.29964848136103
-0.30230912102268
-0.30494866391821
-0.30756709807348
-0.31016450404817
-0.31274084641196
-0.31529612306657
-0.31783042300353
-0.32034372045911
-0.32283608031396
-0.32530748288742
-0.32775802694069
-0.33018769811866
-0.33259654232994
-0.33498463603949
-0.33735200081327
-0.33969868884549
-0.34202475425184
-0.34433022509931
-0.34661521498742
-0.34887969999792
-0.35112379687161
-0.35334756809154
-0.35555105028759
-0.35773430909244
-0.35989741142165
-0.36204045234144
-0.36416347394508
-0.36626654656748
-0.3683497681416
-0.37041318411228
-0.37245689399082
-0.37448094512341
-0.37648543834646
-0.37847042265387
-0.3804360258983
-0.3823822981548
-0.38430931615909
-0.38621715710045
-0.38810592407309
-0.38997569469767
-0.39182654689452
-0.39365858402729
-0.39547185906766
-0.39726647553112
-0.39904251174727
-0.40080004611145
-0.40253920642366
-0.40426004589852
-0.40596264258254
-0.40764709882405
-0.40931351645201
-0.41096197253545
-0.41259251982219
-0.41420530728945
-0.41580036286741
-0.41737783412468
-0.41893774844523
-0.42048025188168
-0.42200537115025
-0.42351322719952
-0.42500391642755
-0.42647751109787
-0.42793410620612
-0.42937374959035
-0.43079658113196
-0.43220267020008
-0.43359206267244
-0.43496489542231
-0.43632123550044
-0.43766114930726
-0.43898474774483
-0.44029209538629
-0.44158325609882
-0.44285836010388
-0.44411744684308
-0.4453606219393
-0.44658794537972
-0.44779949843743
-0.4489953833012
-0.45017565692771
-0.45134039731287
-0.45248970313592
-0.45362360650828
-0.45474222559284
-0.45584561210406
-0.45693385994131
-0.45800701866555
-0.45906517975056
-0.46010841191851
-0.46113676144659
-0.46215033735494
-0.46314918351967
-0.4641333639829
-0.46510296265183
-0.46605806201881
-0.46699868035608
-0.46792493959394
-0.46883685567475
-0.4697345268708
-0.47061798766387
-0.47148733355124
-0.47234259655656
-0.47318384883762
-0.47401114062245
-0.47482454139864
-0.47562411924759
-0.47640992047112
-0.47718199015677
-0.47794041274701
-0.47868521038111
-0.47941644455344
-0.48013417536252
-0.48083846151496
-0.48152934025638
-0.48220686764236
-0.48287109834345
-0.48352206569446
-0.48415984163741
-0.48478443694875
-0.48539594069716
-0.48599436106035
-0.48657974467553
-0.48715215654781
-0.48771164047648
-0.4882581995559
-0.48879191434001
-0.48931280494156
-0.48982090982127
-0.49031628563486
-0.4907989485281
-0.49126893290548
-0.49172627182241
-0.49217101642606
-0.49260319700085
-0.49302284249074
-0.4934299805002
-0.4938246179543
-0.49420683780332
-0.49457662491118
-0.49493402080781
-0.49527906560366
-0.49561175952831
-0.49593213998916
-0.49624024298623
-0.49653606476029
-0.49681963861738
-0.49709101561242
-0.49735016882439
-0.49759714659131
-0.49783193850013
-0.49805460921907
-0.49826514562785
-0.49846355239491
-0.4986498709651
-0.49882410328141
-0.49898624995905
-0.4991363483304
-0.49927439629494
-0.49940040943018
-0.49951438295002
-0.49961634872464
-0.49970629926114
-0.49978422573052
-0.49985017490747
-0.49990411626738
-0.49994607488382
-0.49997603651768
-0.49999400455527
-0.5
-0.49999400455527
-0.49997603651768
-0.49994607488382
-0.49990411626738
-0.49985017490747
-0.49978422573052
-0.49970629926114
-0.49961634872464
-0.49951438295002
-0.49940040943018
-0.49927439629494
-0.4991363483304
-0.49898624995905
-0.49882410328141
-0.4986498709651
-0.49846355239491
-0.49826514562785
-0.49805460921907
-0.49783193850013
-0.49759714659131
-0.49735016882439
-0.49709101561242
-0.49681963861738
-0.49653606476029
-0.49624024298623
-0.49593213998916
-0.49561175952831
-0.49527906560366
-0.49493402080781
-0.49457662491118
-0.49420683780332
-0.4938246179543
-0.4934299805002
-0.49302284249074
-0.49260319700085
-0.49217101642606
-0.49172627182241
-0.49126893290548
-0.4907989485281
-0.49031628563486
-0.48982090982127
-0.48931280494156
-0.48879191434001
-0.4882581995559
-0.48771164047648
-0.48715215654781
-0.48657974467553
-0.48599436106035
-0.48539594069716
-0.48478443694875
-0.48415984163741
-0.48352206569446
-0.48287109834345
-0.48220686764236
-0.48152934025638
-0.48083846151496
-0.48013417536252
-0.47941644455344
-0.47868521038111
-0.47794041274701
-0.47718199015677
-0.47640992047112
-0.47562411924759
-0.47482454139864
-0.47401114062245
-0.47318384883762
-0.47234259655656
-0.47148733355124
-0.47061798766387
-0.4697345268708
-0.46883685567475
-0.46792493959394
-0.46699868035608
-0.46605806201881
-0.46510296265183
-0.4641333639829
-0.46314918351967
-0.46215033735494
-0.46113676144659
-0.46010841191851
-0.45906517975056
-0.45800701866555
-0.45693385994131
-0.45584561210406
-0.45474222559284
-0.45362360650828
-0.45248970313592
-0.45134039731287
-0.45017565692771
-0.4489953833012
-0.44779949843743
-0.44658794537972
-0.4453606219393
-0.44411744684308
-0.44285836010388
-0.44158325609882
-0.44029209538629
-0.43898474774483
-0.43766114930726
-0.43632123550044
-0.43496489542231
-0.43359206267244
-0.43220267020008
-0.43079658113196
-0.42937374959035
-0.42793410620612
-0.42647751109787
-0.42500391642755
-0.42351322719952
-0.42200537115025
-0.42048025188168
-0.41893774844523
-0.41737783412468
-0.41580036286741
-0.41420530728945
-0.41259251982219
-0.41096197253545
-0.40931351645201
-0.40764709882405
-0.40596264258254
-0.40426004589852
-0.40253920642366
-0.40080004611145
-0.39904251174727
-0.39726647553112
-0.39547185906766
-0.39365858402729
-0.39182654689452
-0.38997569469767
-0.38810592407309
-0.38621715710045
-0.38430931615909
-0.3823822981548
-0.3804360258983
-0.37847042265387
-0.37648543834646
-0.37448094512341
-0.37245689399082
-0.37041318411228
-0.3683497681416
-0.36626654656748
-0.36416347394508
-0.36204045234144
-0.35989741142165
-0.35773430909244
-0.35555105028759
-0.35334756809154
-0.35112379687161
-0.34887969999792
-0.34661521498742
-0.34433022509931
-0.34202475425184
-0.33969868884549
-0.33735200081327
-0.33498463603949
-0.33259654232994
-0.33018769811866
-0.32775802694069
-0.32530748288742
-0.32283608031396
-0.32034372045911
-0.31783042300353
-0.31529612306657
-0.31274084641196
-0.31016450404817
-0.30756709807348
-0.30494866391821
-0.30230912102268
-0.29964848136103
-0.29696676065714
-0.29426394808799
-0.29154005153357
-0.28879506734379
-0.28602901090485
-0.28324188614839
-0.2804337474235
-0.27760459145501
-0.27475445006735
-0.27188335949961
-0.26899137628991
-0.26607851431219
-0.2631448552886
-0.26019042237228
-0.25721529124012
-0.25421952673792
-0.25120319882411
-0.24816638266513
-0.24510915872913
-0.24203161287809
-0.23893383645804
-0.23581592638723
-0.23267800179134
-0.22952017117621
-0.22634253219497
-0.22314520488843
-0.2199283656655
-0.21669209656823
-0.21343656961609
-0.21016192953639
-0.20686832729734
-0.20355592016602
-0.20022488891953
-0.19687540375561
-0.19350765859031
-0.19012181939375
-0.18671809320217
-0.18329669382918
-0.17985780688922
-0.17640167702976
-0.17292852072877
-0.16943856107829
-0.16593202778846
-0.16240917495027
-0.15887026346747
-0.15531555210193
-0.15174528836437
-0.14815975314989
-0.14455922504422
-0.14094399821631
-0.13731434627479
-0.13367058538902
-0.13001302009578
-0.1263419612388
-0.12265771675171
-0.11896061894728
-0.11525100627126
-0.11152920480111
-0.10779556481396
-0.10405043315522
-0.10029417152987
-0.096527128650574
-0.092749667792084
-0.08896218534032
-0.085165027015675
-0.081358599247955
-0.077543280665824
-0.073719454435778
-0.069887526837679
-0.066047894364531
-0.062200962234754
-0.05834713482266
-0.054486829560482
-0.050620462646068
-0.046748448809492
-0.042871210523644
-0.038989173083949
-0.035102766751962
-0.031212419440728
-0.027318563573518
-0.023421633492037
-0.019522065222719
-0.015620296240604
-0.011716765231127
-0.007811911850151
-0.0039061764825934
