0.0
0.0061358846724033
0.012271538376808
0.018406730145216
0.024541229009628
0.030674804002047
0.036807224154472
0.042938258498907
0.049067676067352
0.055195245891809
0.06132073700428
0.067443922162056
0.073564566671848
0.079682439565659
0.085797309875488
0.09190895408392
0.098017141222954
0.10412163287401
0.11022220551968
0.11631862819195
0.12241067737341
0.1284981071949
0.13458070158958
0.14065824449062
0.14673046767712
0.15279719233513
0.15885815024376
0.16491311788559
0.17096188664436
0.1770042181015
0.18303988873959
0.18906866014004
0.1950903236866
0.20110464096069
0.20711137354374
0.21311031281948
0.2191012352705
0.22508391737938
0.23105810582638
0.2370236068964
0.24298018217087
0.24892760813236
0.2548656463623
0.2607941031456
0.26671275496483
0.27262136340141
0.27851969003677
0.28440752625465
0.2902846634388
0.29615089297295
0.3020059466362
0.30784964561462
0.31368175148964
0.31950202584267
0.32531028985977
0.33110630512238
0.33688986301422
0.34266072511673
0.34841868281364
0.35416352748871
0.35989505052567
0.36561298370361
0.37131720781326
0.37700742483139
0.38268342614174
0.38834503293037
0.39399203658104
0.39962419867516
0.40524131059647
0.41084316372871
0.41642954945564
0.422000259161
0.42755508422852
0.43309381604195
0.43861624598503
0.44412213563919
0.44961133599281
0.455083578825
0.46053871512413
0.46597650647163
0.47139674425125
0.47679921984673
0.48218378424644
0.48755016922951
0.49289819598198
0.4982276558876
0.50353837013245
0.50883013010025
0.51410275697708
0.51935601234436
0.52458965778351
0.52980363368988
0.53499764204025
0.54017144441605
0.54532498121262
0.55045795440674
0.55557024478912
0.56066155433655
0.56573182344437
0.57078075408936
0.57580816745758
0.58081394433975
0.58579784631729
0.59075969457626
0.59569931030273
0.60061645507812
0.60551106929779
0.61038279533386
0.6152315735817
0.62005722522736
0.62485951185226
0.62963825464249
0.63439327478409
0.63912445306778
0.64383155107498
0.64851438999176
0.65317285060883
0.6578066945076
0.66241580247879
0.66699993610382
0.6715589761734
0.67609268426895
0.68060100078583
0.68508368730545
0.68954056501389
0.6939714550972
0.6983762383461
0.70275473594666
0.70710676908493
0.70794578438414
0.70794578438414
0.70794578438414
0.70794578438414
0.70794578438414
0.70794578438414
0.70794578438414
0.70794578438414
0.70794578438414
0.70794578438414
0.70794578438414
0.70794578438414
0.70794578438414
0.70794578438414
0.70794578438414
0.70794578438414
0.70794578438414
0.70794578438414
0.70794578438414
0.70794578438414
0.70794578438414
0.70794578438414
0.70794578438414
0.70794578438414
0.70794578438414
0.70794578438414
0.70794578438414
0.70794578438414
0.70794578438414
0.70794578438414
0.70794578438414
0.70794578438414
0.70794578438414
0.70794578438414
0.70794578438414
0.70794578438414
0.70794578438414
0.70794578438414
0.70794578438414
0.70794578438414
0.70794578438414
0.70794578438414
0.70794578438414
0.70794578438414
0.70794578438414
0.70794578438414
0.70794578438414
0.70794578438414
0.70794578438414
0.70794578438414
0.70794578438414
0.70794578438414
0.70794578438414
0.70794578438414
0.70794578438414
0.70794578438414
0.70794578438414
0.70794578438414
0.70794578438414
0.70794578438414
0.70794578438414
0.70794578438414
0.70794578438414
0.70794578438414
0.70794578438414
0.70794578438414
0.70794578438414
0.70794578438414
0.70794578438414
0.70794578438414
0.70794578438414
0.70794578438414
0.70794578438414
0.70794578438414
0.70794578438414
0.70794578438414
0.70794578438414
0.70794578438414
0.70794578438414
0.70794578438414
0.70794578438414
0.70794578438414
0.70794578438414
0.70794578438414
0.70794578438414
0.70794578438414
0.70794578438414
0.70794578438414
0.70794578438414
0.70794578438414
0.70794578438414
0.70794578438414
0.70794578438414
0.70794578438414
0.70794578438414
0.70794578438414
0.70794578438414
0.70794578438414
0.70794578438414
0.70794578438414
0.70794578438414
0.70794578438414
0.70794578438414
0.70794578438414
0.70794578438414
0.70794578438414
0.70794578438414
0.70794578438414
0.70794578438414
0.70794578438414
0.70794578438414
0.70794578438414
0.70794578438414
0.70794578438414
0.70794578438414
0.70794578438414
0.70794578438414
0.70794578438414
0.70794578438414
0.70794578438414
0.70794578438414
0.70794578438414
0.70794578438414
0.70794578438414
0.70794578438414
0.70794578438414
0.70794578438414
0.70794578438414
0.70794578438414
0.70794578438414
0.70794578438414
0.70794578438414
0.70794578438414
0.70794578438414
0.70794578438414
0.70794578438414
0.70794578438414
0.70794578438414
0.70794578438414
0.70794578438414
0.70794578438414
0.70794578438414
0.70794578438414
0.70794578438414
0.70794578438414
0.70794578438414
0.70794578438414
0.70794578438414
0.70794578438414
0.70794578438414
0.70794578438414
0.70794578438414
0.70794578438414
0.70794578438414
0.70794578438414
0.70794578438414
0.70794578438414
0.70794578438414
0.70794578438414
0.70794578438414
0.70794578438414
0.70794578438414
0.70794578438414
0.70794578438414
0.70794578438414
0.70794578438414
0.70794578438414
0.70794578438414
0.70794578438414
0.70794578438414
0.70794578438414
0.70794578438414
0.70794578438414
0.70794578438414
0.70794578438414
0.70794578438414
0.70794578438414
0.70794578438414
0.70794578438414
0.70794578438414
0.70794578438414
0.70794578438414
0.70794578438414
0.70794578438414
0.70794578438414
0.70794578438414
0.70794578438414
0.70794578438414
0.70794578438414
0.70794578438414
0.70794578438414
0.70794578438414
0.70794578438414
0.70794578438414
0.70794578438414
0.70794578438414
0.70794578438414
0.70794578438414
0.70794578438414
0.70794578438414
0.70794578438414
0.70794578438414
0.70794578438414
0.70794578438414
0.70794578438414
0.70794578438414
0.70794578438414
0.70794578438414
0.70794578438414
0.70794578438414
0.70794578438414
0.70794578438414
0.70794578438414
0.70794578438414
0.70794578438414
0.70794578438414
0.70794578438414
0.70794578438414
0.70794578438414
0.70794578438414
0.70794578438414
0.70794578438414
0.70794578438414
0.70794578438414
0.70794578438414
0.70794578438414
0.70794578438414
0.70794578438414
0.70794578438414
0.70794578438414
0.70794578438414
0.70794578438414
0.70794578438414
0.70794578438414
0.70794578438414
0.70794578438414
0.70794578438414
0.70794578438414
0.70794578438414
0.70794578438414
0.70794578438414
0.70794578438414
0.70794578438414
0.70794578438414
0.70794578438414
0.70794578438414
0.70794578438414
0.70794578438414
0.70794578438414
0.70794578438414
0.70794578438414
0.70794578438414
0.70794578438414
0.70794578438414
0.70794578438414
0.70710676908493
0.70275473594666
0.6983762383461
0.6939714550972
0.68954056501389
0.68508368730545
0.68060100078583
0.67609268426895
0.6715589761734
0.66699993610382
0.66241580247879
0.6578066945076
0.65317285060883
0.64851438999176
0.64383155107498
0.63912445306778
0.63439327478409
0.62963825464249
0.62485951185226
0.62005722522736
0.6152315735817
0.61038279533386
0.60551106929779
0.60061645507812
0.59569931030273
0.59075969457626
0.58579784631729
0.58081394433975
0.57580816745758
0.57078075408936
0.56573182344437
0.56066155433655
0.55557024478912
0.55045795440674
0.54532498121262
0.54017144441605
0.53499764204025
0.52980363368988
0.52458965778351
0.51935601234436
0.51410275697708
0.50883013010025
0.50353837013245
0.4982276558876
0.49289819598198
0.48755016922951
0.48218378424644
0.47679921984673
0.47139674425125
0.46597650647163
0.46053871512413
0.455083578825
0.44961133599281
0.44412213563919
0.43861624598503
0.43309381604195
0.42755508422852
0.422000259161
0.41642954945564
0.41084316372871
0.40524131059647
0.39962419867516
0.39399203658104
0.38834503293037
0.38268342614174
0.37700742483139
0.37131720781326
0.36561298370361
0.35989505052567
0.35416352748871
0.34841868281364
0.34266072511673
0.33688986301422
0.33110630512238
0.32531028985977
0.31950202584267
0.31368175148964
0.30784964561462
0.3020059466362
0.29615089297295
0.2902846634388
0.28440752625465
0.27851969003677
0.27262136340141
0.26671275496483
0.2607941031456
0.2548656463623
0.24892760813236
0.24298018217087
0.2370236068964
0.23105810582638
0.22508391737938
0.2191012352705
0.21311031281948
0.20711137354374
0.20110464096069
0.1950903236866
0.18906866014004
0.18303988873959
0.1770042181015
0.17096188664436
0.16491311788559
0.15885815024376
0.15279719233513
0.14673046767712
0.14065824449062
0.13458070158958
0.1284981071949
0.12241067737341
0.11631862819195
0.11022220551968
0.10412163287401
0.098017141222954
0.09190895408392
0.085797309875488
0.079682439565659
0.073564566671848
0.067443922162056
0.06132073700428
0.055195245891809
0.049067676067352
0.042938258498907
0.036807224154472
0.030674804002047
0.024541229009628
0.018406730145216
0.012271538376808
0.0061358846724033
-3.185195908569e-14
-0.0061358846724033
-0.012271538376808
-0.018406730145216
-0.024541229009628
-0.030674804002047
-0.036807224154472
-0.042938258498907
-0.049067676067352
-0.055195245891809
-0.06132073700428
-0.067443922162056
-0.073564566671848
-0.079682439565659
-0.085797309875488
-0.09190895408392
-0.098017141222954
-0.10412163287401
-0.11022220551968
-0.11631862819195
-0.12241067737341
-0.1284981071949
-0.13458070158958
-0.14065824449062
-0.14673046767712
-0.15279719233513
-0.15885815024376
-0.16491311788559
-0.17096188664436
-0.1770042181015
-0.18303988873959
-0.18906866014004
-0.1950903236866
-0.20110464096069
-0.20711137354374
-0.21311031281948
-0.2191012352705
-0.22508391737938
-0.23105810582638
-0.2370236068964
-0.24298018217087
-0.24892760813236
-0.2548656463623
-0.2607941031456
-0.26671275496483
-0.27262136340141
-0.27851969003677
-0.28440752625465
-0.2902846634388
-0.29615089297295
-0.3020059466362
-0.30784964561462
-0.31368175148964
-0.31950202584267
-0.32531028985977
-0.33110630512238
-0.33688986301422
-0.34266072511673
-0.34841868281364
-0.35416352748871
-0.35989505052567
-0.36561298370361
-0.37131720781326
-0.37700742483139
-0.38268342614174
-0.38834503293037
-0.39399203658104
-0.39962419867516
-0.40524131059647
-0.41084316372871
-0.41642954945564
-0.422000259161
-0.42755508422852
-0.43309381604195
-0.43861624598503
-0.44412213563919
-0.44961133599281
-0.455083578825
-0.46053871512413
-0.46597650647163
-0.47139674425125
-0.47679921984673
-0.48218378424644
-0.48755016922951
-0.49289819598198
-0.4982276558876
-0.50353837013245
-0.50883013010025
-0.51410275697708
-0.51935601234436
-0.52458965778351
-0.52980363368988
-0.53499764204025
-0.54017144441605
-0.54532498121262
-0.55045795440674
-0.55557024478912
-0.56066155433655
-0.56573182344437
-0.57078075408936
-0.57580816745758
-0.58081394433975
-0.58579784631729
-0.59075969457626
-0.59569931030273
-0.60061645507812
-0.60551106929779
-0.61038279533386
-0.6152315735817
-0.62005722522736
-0.62485951185226
-0.62963825464249
-0.63439327478409
-0.63912445306778
-0.64383155107498
-0.64851438999176
-0.65317285060883
-0.6578066945076
-0.66241580247879
-0.66699993610382
-0.6715589761734
-0.67609268426895
-0.68060100078583
-0.68508368730545
-0.68954056501389
-0.6939714550972
-0.6983762383461
-0.70275473594666
-0.70710676908493
-0.70794578438414
-0.70794578438414
-0.70794578438414
-0.70794578438414
-0.70794578438414
-0.70794578438414
-0.70794578438414
-0.70794578438414
-0.70794578438414
-0.70794578438414
-0.70794578438414
-0.70794578438414
-0.70794578438414
-0.70794578438414
-0.70794578438414
-0.70794578438414
-0.70794578438414
-0.70794578438414
-0.70794578438414
-0.70794578438414
-0.70794578438414
-0.70794578438414
-0.70794578438414
-0.70794578438414
-0.70794578438414
-0.70794578438414
-0.70794578438414
-0.70794578438414
-0.70794578438414
-0.70794578438414
-0.70794578438414
-0.70794578438414
-0.70794578438414
-0.70794578438414
-0.70794578438414
-0.70794578438414
-0.70794578438414
-0.70794578438414
-0.70794578438414
-0.70794578438414
-0.70794578438414
-0.70794578438414
-0.70794578438414
-0.70794578438414
-0.70794578438414
-0.70794578438414
-0.70794578438414
-0.70794578438414
-0.70794578438414
-0.70794578438414
-0.70794578438414
-0.70794578438414
-0.70794578438414
-0.70794578438414
-0.70794578438414
-0.70794578438414
-0.70794578438414
-0.70794578438414
-0.70794578438414
-0.70794578438414
-0.70794578438414
-0.70794578438414
-0.70794578438414
-0.70794578438414
-0.70794578438414
-0.70794578438414
-0.70794578438414
-0.70794578438414
-0.70794578438414
-0.70794578438414
-0.70794578438414
-0.70794578438414
-0.70794578438414
-0.70794578438414
-0.70794578438414
-0.70794578438414
-0.70794578438414
-0.70794578438414
-0.70794578438414
-0.70794578438414
-0.70794578438414
-0.70794578438414
-0.70794578438414
-0.70794578438414
-0.70794578438414
-0.70794578438414
-0.70794578438414
-0.70794578438414
-0.70794578438414
-0.70794578438414
-0.70794578438414
-0.70794578438414
-0.70794578438414
-0.70794578438414
-0.70794578438414
-0.70794578438414
-0.70794578438414
-0.70794578438414
-0.70794578438414
-0.70794578438414
-0.70794578438414
-0.70794578438414
-0.70794578438414
-0.70794578438414
-0.70794578438414
-0.70794578438414
-0.70794578438414
-0.70794578438414
-0.70794578438414
-0.70794578438414
-0.70794578438414
-0.70794578438414
-0.70794578438414
-0.70794578438414
-0.70794578438414
-0.70794578438414
-0.70794578438414
-0.70794578438414
-0.70794578438414
-0.70794578438414
-0.70794578438414
-0.70794578438414
-0.70794578438414
-0.70794578438414
-0.70794578438414
-0.70794578438414
-0.70794578438414
-0.70794578438414
-0.70794578438414
-0.70794578438414
-0.70794578438414
-0.70794578438414
-0.70794578438414
-0.70794578438414
-0.70794578438414
-0.70794578438414
-0.70794578438414
-0.70794578438414
-0.70794578438414
-0.70794578438414
-0.70794578438414
-0.70794578438414
-0.70794578438414
-0.70794578438414
-0.70794578438414
-0.70794578438414
-0.70794578438414
-0.70794578438414
-0.70794578438414
-0.70794578438414
-0.70794578438414
-0.70794578438414
-0.70794578438414
-0.70794578438414
-0.70794578438414
-0.70794578438414
-0.70794578438414
-0.70794578438414
-0.70794578438414
-0.70794578438414
-0.70794578438414
-0.70794578438414
-0.70794578438414
-0.70794578438414
-0.70794578438414
-0.70794578438414
-0.70794578438414
-0.70794578438414
-0.70794578438414
-0.70794578438414
-0.70794578438414
-0.70794578438414
-0.70794578438414
-0.70794578438414
-0.70794578438414
-0.70794578438414
-0.70794578438414
-0.70794578438414
-0.70794578438414
-0.70794578438414
-0.70794578438414
-0.70794578438414
-0.70794578438414
-0.70794578438414
-0.70794578438414
-0.70794578438414
-0.70794578438414
-0.70794578438414
-0.70794578438414
-0.70794578438414
-0.70794578438414
-0.70794578438414
-0.70794578438414
-0.70794578438414
-0.70794578438414
-0.70794578438414
-0.70794578438414
-0.70794578438414
-0.70794578438414
-0.70794578438414
-0.70794578438414
-0.70794578438414
-0.70794578438414
-0.70794578438414
-0.70794578438414
-0.70794578438414
-0.70794578438414
-0.70794578438414
-0.70794578438414
-0.70794578438414
-0.70794578438414
-0.70794578438414
-0.70794578438414
-0.70794578438414
-0.70794578438414
-0.70794578438414
-0.70794578438414
-0.70794578438414
-0.70794578438414
-0.70794578438414
-0.70794578438414
-0.70794578438414
-0.70794578438414
-0.70794578438414
-0.70794578438414
-0.70794578438414
-0.70794578438414
-0.70794578438414
-0.70794578438414
-0.70794578438414
-0.70794578438414
-0.70794578438414
-0.70794578438414
-0.70794578438414
-0.70794578438414
-0.70794578438414
-0.70794578438414
-0.70794578438414
-0.70794578438414
-0.70794578438414
-0.70794578438414
-0.70794578438414
-0.70794578438414
-0.70794578438414
-0.70794578438414
-0.70794578438414
-0.70794578438414
-0.70794578438414
-0.70794578438414
-0.70794578438414
-0.70794578438414
-0.70794578438414
-0.70794578438414
-0.70794578438414
-0.70794578438414
-0.70710676908493
-0.70275473594666
-0.6983762383461
-0.6939714550972
-0.68954056501389
-0.68508368730545
-0.68060100078583
-0.67609268426895
-0.6715589761734
-0.66699993610382
-0.66241580247879
-0.6578066945076
-0.65317285060883
-0.64851438999176
-0.64383155107498
-0.63912445306778
-0.63439327478409
-0.62963825464249
-0.62485951185226
-0.62005722522736
-0.6152315735817
-0.61038279533386
-0.60551106929779
-0.60061645507812
-0.59569931030273
-0.59075969457626
-0.58579784631729
-0.58081394433975
-0.57580816745758
-0.57078075408936
-0.56573182344437
-0.56066155433655
-0.55557024478912
-0.55045795440674
-0.54532498121262
-0.54017144441605
-0.53499764204025
-0.52980363368988
-0.52458965778351
-0.51935601234436
-0.51410275697708
-0.50883013010025
-0.50353837013245
-0.4982276558876
-0.49289819598198
-0.48755016922951
-0.48218378424644
-0.47679921984673
-0.47139674425125
-0.46597650647163
-0.46053871512413
-0.455083578825
-0.44961133599281
-0.44412213563919
-0.43861624598503
-0.43309381604195
-0.42755508422852
-0.422000259161
-0.41642954945564
-0.41084316372871
-0.40524131059647
-0.39962419867516
-0.39399203658104
-0.38834503293037
-0.38268342614174
-0.37700742483139
-0.37131720781326
-0.36561298370361
-0.35989505052567
-0.35416352748871
-0.34841868281364
-0.34266072511673
-0.33688986301422
-0.33110630512238
-0.32531028985977
-0.31950202584267
-0.31368175148964
-0.30784964561462
-0.3020059466362
-0.29615089297295
-0.2902846634388
-0.28440752625465
-0.27851969003677
-0.27262136340141
-0.26671275496483
-0.2607941031456
-0.2548656463623
-0.24892760813236
-0.24298018217087
-0.2370236068964
-0.23105810582638
-0.22508391737938
-0.2191012352705
-0.21311031281948
-0.20711137354374
-0.20110464096069
-0.1950903236866
-0.18906866014004
-0.18303988873959
-0.1770042181015
-0.17096188664436
-0.16491311788559
-0.15885815024376
-0.15279719233513
-0.14673046767712
-0.14065824449062
-0.13458070158958
-0.1284981071949
-0.12241067737341
-0.11631862819195
-0.11022220551968
-0.10412163287401
-0.098017141222954
-0.09190895408392
-0.085797309875488
-0.079682439565659
-0.073564566671848
-0.067443922162056
-0.06132073700428
-0.055195245891809
-0.049067676067352
-0.042938258498907
-0.036807224154472
-0.030674804002047
-0.024541229009628
-0.018406730145216
-0.012271538376808
-0.0061358846724033
