0.0
0.0061358077459344
0.012270922999804
0.018404653443272
0.02453630710541
0.030665192536292
0.036790618980442
0.042911896550108
0.049028336398304
0.055139250891571
0.061243953782432
0.067341764089828
0.073431995139282
0.079513965871213
0.085586997297696
0.091650420060334
0.097703559798505
0.10374573735873
0.10977629109207
0.11579455487469
0.1217998730014
0.12779157098403
0.13376900710018
0.13973154310587
0.14567849335575
0.15160926368727
0.1575231764592
0.16341960201675
0.16929792949139
0.1751575234926
0.18099776777952
0.18681803651658
0.19261773759844
0.19839625525676
0.20415297908647
0.20988733265112
0.2155987306915
0.22128659360227
0.22695031935975
0.23258936846566
0.2382031650973
0.24379115379171
0.24935277149868
0.25488750349558
0.26039481361956
0.26587415864645
0.27132500240643
0.27674684331307
0.28213918669996
0.28750154493293
0.29283338334688
0.29813425631913
0.30340367142969
0.30864114417125
0.31384625137311
0.31901852403354
0.32415752782108
0.32926280999175
0.33433395245214
0.33937054520016
0.34437218641526
0.34933843090151
0.35426897130682
0.35916335379305
0.3640212109006
0.36884220910154
0.37362599785718
0.37837221034243
0.38308051401728
0.38775058525433
0.39238210940622
0.39697478087069
0.40152830315318
0.40604238892704
0.41051676009129
0.41495112389597
0.41934526886047
0.42369889717128
0.42801181557899
0.43228376910557
0.43651453607607
0.44070390437469
0.44485171724253
0.44895773541138
0.45302179821837
0.45704373165236
0.4610233936682
0.46496062922541
0.46885531496849
0.47270729312232
0.47651641634288
0.4802826764134
0.4840059013944
0.48768597335939
0.49132291055764
0.49491657146604
0.49846695005692
0.5019739254224
0.50543755067422
0.50885772448284
0.51223443706465
0.5155677272263
0.51885756309571
0.5221039620283
0.52530695037247
0.52846652531371
0.53158280768972
0.5346557373143
0.53768545242433
0.54067202381898
0.54361549470948
0.54651595445474
0.54937350109229
0.55218827656855
0.55496036012085
0.55768987550231
0.56037698912551
0.56302180667599
0.56562451057243
0.5681852238231
0.57070414458772
0.5731814129274
0.57561727448123
0.57801188497989
0.58036544080617
0.58267814616485
0.58495024356323
0.58718195150511
0.58937349606213
0.59152514025173
0.5936370948151
0.59570963672174
0.59774302030847
0.59973750701391
0.60169342056226
0.60361100683044
0.60549054686393
0.6073323549497
0.60913675050546
0.61090403214886
0.61263447939951
0.61432847988254
0.6159862993182
0.61760833424103
0.61919486265613
0.6207462895486
0.62226290472766
0.62374509820514
0.62519323995827
0.6266076815899
0.62798880175455
0.62933693964768
0.63065252552311
0.63193592767906
0.63318749855945
0.63440767707902
0.63559684295718
0.63675538014388
0.63788371490893
0.6389822371861
0.64005134071902
0.64109147721737
0.64210302681213
0.64308642665637
0.64404208027075
0.64497041103918
0.64587186041524
0.6467468377949
0.64759577102307
0.64841910462725
0.64921723745274
0.64999063117883
0.65073970215967
0.65146489707948
0.65216663407191
0.65284536006062
0.65350150766638
0.65413549659966
0.65474778577099
0.65533879430957
0.65590895427773
0.65645870903748
0.6569885001413
0.65749873352677
0.65798987121195
0.65846231742968
0.65891651898806
0.65935288878818
0.65977186884657
0.6601738686652
0.66055931564967
0.66092862518008
0.6612822193525
0.66162051702334
0.6619439254229
0.66225284930976
0.66254770636655
0.66282888697211
0.66309679416562
0.66335182699285
0.6635943803921
0.66382483849326
0.66404358836001
0.66425101258949
0.66444748328226
0.6646333801191
0.66480906063996
0.66497490027342
0.66513124744026
0.66527845679863
0.66541688241008
0.66554686769512
0.66566874201937
0.66578284710533
0.6658895057188
0.66598903931327
0.66608176701822
0.66616799447256
0.66624802514326
0.66632215629914
0.66639068183127
0.66645388585766
0.66651204603271
0.66656543345293
0.66661431023784
0.66665894106732
0.66669957188623
0.66673644857613
0.66676980950511
0.66679988212433
0.66682689034077
0.66685105036542
0.66687256798906
0.66689164453265
0.66690847458915
0.66692324029646
0.6669361207794
0.66694728419715
0.66695689446927
0.66696510395921
0.66697205816076
0.66697789579993
0.66698274612638
0.66698673041096
0.66698996264228
0.66699254762521
0.66699458232546
0.66699615511237
0.66699734654133
0.66699822828069
0.66699886371459
0.66699930823319
0.66699960820678
0.66699980193877
0.66699991905796
0.66699998081053
0.667
0.66699998081053
0.66699991905796
0.66699980193877
0.66699960820678
0.66699930823319
0.66699886371459
0.66699822828069
0.66699734654133
0.66699615511237
0.66699458232546
0.66699254762521
0.66698996264228
0.66698673041096
0.66698274612638
0.66697789579993
0.66697205816076
0.66696510395921
0.66695689446927
0.66694728419715
0.6669361207794
0.66692324029646
0.66690847458915
0.66689164453265
0.66687256798906
0.66685105036542
0.66682689034077
0.66679988212433
0.66676980950511
0.66673644857613
0.66669957188623
0.66665894106732
0.66661431023784
0.66656543345293
0.66651204603271
0.66645388585766
0.66639068183127
0.66632215629914
0.66624802514326
0.66616799447256
0.66608176701822
0.66598903931327
0.6658895057188
0.66578284710533
0.66566874201937
0.66554686769512
0.66541688241008
0.66527845679863
0.66513124744026
0.66497490027342
0.66480906063996
0.6646333801191
0.66444748328226
0.66425101258949
0.66404358836001
0.66382483849326
0.6635943803921
0.66335182699285
0.66309679416562
0.66282888697211
0.66254770636655
0.66225284930976
0.6619439254229
0.66162051702334
0.6612822193525
0.66092862518008
0.66055931564967
0.6601738686652
0.65977186884657
0.65935288878818
0.65891651898806
0.65846231742968
0.65798987121195
0.65749873352677
0.6569885001413
0.65645870903748
0.65590895427773
0.65533879430957
0.65474778577099
0.65413549659966
0.65350150766638
0.65284536006062
0.65216663407191
0.65146489707948
0.65073970215967
0.64999063117883
0.64921723745274
0.64841910462725
0.64759577102307
0.6467468377949
0.64587186041524
0.64497041103918
0.64404208027075
0.64308642665637
0.64210302681213
0.64109147721737
0.64005134071902
0.6389822371861
0.63788371490893
0.63675538014388
0.63559684295718
0.63440767707902
0.63318749855945
0.63193592767906
0.63065252552311
0.62933693964768
0.62798880175455
0.6266076815899
0.62519323995827
0.62374509820514
0.62226290472766
0.6207462895486
0.61919486265613
0.61760833424103
0.6159862993182
0.61432847988254
0.61263447939951
0.61090403214886
0.60913675050546
0.6073323549497
0.60549054686393
0.60361100683044
0.60169342056226
0.59973750701391
0.59774302030847
0.59570963672174
0.5936370948151
0.59152514025173
0.58937349606213
0.58718195150511
0.58495024356323
0.58267814616485
0.58036544080617
0.57801188497989
0.57561727448123
0.5731814129274
0.57070414458772
0.5681852238231
0.56562451057243
0.56302180667599
0.56037698912551
0.55768987550231
0.55496036012085
0.55218827656855
0.54937350109229
0.54651595445474
0.54361549470948
0.54067202381898
0.53768545242433
0.5346557373143
0.53158280768972
0.52846652531371
0.52530695037247
0.5221039620283
0.51885756309571
0.5155677272263
0.51223443706465
0.50885772448284
0.50543755067422
0.5019739254224
0.49846695005692
0.49491657146604
0.49132291055764
0.48768597335939
0.4840059013944
0.4802826764134
0.47651641634288
0.47270729312232
0.46885531496849
0.46496062922541
0.4610233936682
0.45704373165236
0.45302179821837
0.44895773541138
0.44485171724253
0.44070390437469
0.43651453607607
0.43228376910557
0.42801181557899
0.42369889717128
0.41934526886047
0.41495112389597
0.41051676009129
0.40604238892704
0.40152830315318
0.39697478087069
0.39238210940622
0.38775058525433
0.38308051401728
0.37837221034243
0.37362599785718
0.36884220910154
0.3640212109006
0.35916335379305
0.35426897130682
0.34933843090151
0.34437218641526
0.33937054520016
0.33433395245214
0.32926280999175
0.32415752782108
0.31901852403354
0.31384625137311
0.30864114417125
0.30340367142969
0.29813425631913
0.29283338334688
0.28750154493293
0.28213918669996
0.27674684331307
0.27132500240643
0.26587415864645
0.26039481361956
0.25488750349558
0.24935277149868
0.24379115379171
0.2382031650973
0.23258936846566
0.22695031935975
0.22128659360227
0.2155987306915
0.20988733265112
0.20415297908647
0.19839625525676
0.19261773759844
0.18681803651658
0.18099776777952
0.1751575234926
0.16929792949139
0.16341960201675
0.1575231764592
0.15160926368727
0.14567849335575
0.13973154310587
0.13376900710018
0.12779157098403
0.1217998730014
0.11579455487469
0.10977629109207
0.10374573735873
0.097703559798505
0.091650420060334
0.085586997297696
0.079513965871213
0.073431995139282
0.067341764089828
0.061243953782432
0.055139250891571
0.049028336398304
0.042911896550108
0.036790618980442
0.030665192536292
0.02453630710541
0.018404653443272
0.012270922999804
0.0061358077459344
-3.185195908569e-14
-0.0061358077459344
-0.012270922999804
-0.018404653443272
-0.02453630710541
-0.030665192536292
-0.036790618980442
-0.042911896550108
-0.049028336398304
-0.055139250891571
-0.061243953782432
-0.067341764089828
-0.073431995139282
-0.079513965871213
-0.085586997297696
-0.091650420060334
-0.097703559798505
-0.10374573735873
-0.10977629109207
-0.11579455487469
-0.1217998730014
-0.12779157098403
-0.13376900710018
-0.13973154310587
-0.14567849335575
-0.15160926368727
-0.1575231764592
-0.16341960201675
-0.16929792949139
-0.1751575234926
-0.18099776777952
-0.18681803651658
-0.19261773759844
-0.19839625525676
-0.20415297908647
-0.20988733265112
-0.2155987306915
-0.22128659360227
-0.22695031935975
-0.23258936846566
-0.2382031650973
-0.24379115379171
-0.24935277149868
-0.25488750349558
-0.26039481361956
-0.26587415864645
-0.27132500240643
-0.27674684331307
-0.28213918669996
-0.28750154493293
-0.29283338334688
-0.29813425631913
-0.30340367142969
-0.30864114417125
-0.31384625137311
-0.31901852403354
-0.32415752782108
-0.32926280999175
-0.33433395245214
-0.33937054520016
-0.34437218641526
-0.34933843090151
-0.35426897130682
-0.35916335379305
-0.3640212109006
-0.36884220910154
-0.37362599785718
-0.37837221034243
-0.38308051401728
-0.38775058525433
-0.39238210940622
-0.39697478087069
-0.40152830315318
-0.40604238892704
-0.41051676009129
-0.41495112389597
-0.41934526886047
-0.42369889717128
-0.42801181557899
-0.43228376910557
-0.43651453607607
-0.44070390437469
-0.44485171724253
-0.44895773541138
-0.45302179821837
-0.45704373165236
-0.4610233936682
-0.46496062922541
-0.46885531496849
-0.47270729312232
-0.47651641634288
-0.4802826764134
-0.4840059013944
-0.48768597335939
-0.49132291055764
-0.49491657146604
-0.49846695005692
-0.5019739254224
-0.50543755067422
-0.50885772448284
-0.51223443706465
-0.5155677272263
-0.51885756309571
-0.5221039620283
-0.52530695037247
-0.52846652531371
-0.53158280768972
-0.5346557373143
-0.53768545242433
-0.54067202381898
-0.54361549470948
-0.54651595445474
-0.54937350109229
-0.55218827656855
-0.55496036012085
-0.55768987550231
-0.56037698912551
-0.56302180667599
-0.56562451057243
-0.5681852238231
-0.57070414458772
-0.5731814129274
-0.57561727448123
-0.57801188497989
-0.58036544080617
-0.58267814616485
-0.58495024356323
-0.58718195150511
-0.58937349606213
-0.59152514025173
-0.5936370948151
-0.59570963672174
-0.59774302030847
-0.59973750701391
-0.60169342056226
-0.60361100683044
-0.60549054686393
-0.6073323549497
-0.60913675050546
-0.61090403214886
-0.61263447939951
-0.61432847988254
-0.6159862993182
-0.61760833424103
-0.61919486265613
-0.6207462895486
-0.62226290472766
-0.62374509820514
-0.62519323995827
-0.6266076815899
-0.62798880175455
-0.62933693964768
-0.63065252552311
-0.63193592767906
-0.63318749855945
-0.63440767707902
-0.63559684295718
-0.63675538014388
-0.63788371490893
-0.6389822371861
-0.64005134071902
-0.64109147721737
-0.64210302681213
-0.64308642665637
-0.64404208027075
-0.64497041103918
-0.64587186041524
-0.6467468377949
-0.64759577102307
-0.64841910462725
-0.64921723745274
-0.64999063117883
-0.65073970215967
-0.65146489707948
-0.65216663407191
-0.65284536006062
-0.65350150766638
-0.65413549659966
-0.65474778577099
-0.65533879430957
-0.65590895427773
-0.65645870903748
-0.6569885001413
-0.65749873352677
-0.65798987121195
-0.65846231742968
-0.65891651898806
-0.65935288878818
-0.65977186884657
-0.6601738686652
-0.66055931564967
-0.66092862518008
-0.6612822193525
-0.66162051702334
-0.6619439254229
-0.66225284930976
-0.66254770636655
-0.66282888697211
-0.66309679416562
-0.66335182699285
-0.6635943803921
-0.66382483849326
-0.66404358836001
-0.66425101258949
-0.66444748328226
-0.6646333801191
-0.66480906063996
-0.66497490027342
-0.66513124744026
-0.66527845679863
-0.66541688241008
-0.66554686769512
-0.66566874201937
-0.66578284710533
-0.6658895057188
-0.66598903931327
-0.66608176701822
-0.66616799447256
-0.66624802514326
-0.66632215629914
-0.66639068183127
-0.66645388585766
-0.66651204603271
-0.66656543345293
-0.66661431023784
-0.66665894106732
-0.66669957188623
-0.66673644857613
-0.66676980950511
-0.66679988212433
-0.66682689034077
-0.66685105036542
-0.66687256798906
-0.66689164453265
-0.66690847458915
-0.66692324029646
-0.6669361207794
-0.66694728419715
-0.66695689446927
-0.66696510395921
-0.66697205816076
-0.66697789579993
-0.66698274612638
-0.66698673041096
-0.66698996264228
-0.66699254762521
-0.66699458232546
-0.66699615511237
-0.66699734654133
-0.66699822828069
-0.66699886371459
-0.66699930823319
-0.66699960820678
-0.66699980193877
-0.66699991905796
-0.66699998081053
-0.667
-0.66699998081053
-0.66699991905796
-0.66699980193877
-0.66699960820678
-0.66699930823319
-0.66699886371459
-0.66699822828069
-0.66699734654133
-0.66699615511237
-0.66699458232546
-0.66699254762521
-0.66698996264228
-0.66698673041096
-0.66698274612638
-0.66697789579993
-0.66697205816076
-0.66696510395921
-0.66695689446927
-0.66694728419715
-0.6669361207794
-0.66692324029646
-0.66690847458915
-0.66689164453265
-0.66687256798906
-0.66685105036542
-0.66682689034077
-0.66679988212433
-0.66676980950511
-0.66673644857613
-0.66669957188623
-0.66665894106732
-0.66661431023784
-0.66656543345293
-0.66651204603271
-0.66645388585766
-0.66639068183127
-0.66632215629914
-0.66624802514326
-0.66616799447256
-0.66608176701822
-0.66598903931327
-0.6658895057188
-0.66578284710533
-0.66566874201937
-0.66554686769512
-0.66541688241008
-0.66527845679863
-0.66513124744026
-0.66497490027342
-0.66480906063996
-0.6646333801191
-0.66444748328226
-0.66425101258949
-0.66404358836001
-0.66382483849326
-0.6635943803921
-0.66335182699285
-0.66309679416562
-0.66282888697211
-0.66254770636655
-0.66225284930976
-0.6619439254229
-0.66162051702334
-0.6612822193525
-0.66092862518008
-0.66055931564967
-0.6601738686652
-0.65977186884657
-0.65935288878818
-0.65891651898806
-0.65846231742968
-0.65798987121195
-0.65749873352677
-0.6569885001413
-0.65645870903748
-0.65590895427773
-0.65533879430957
-0.65474778577099
-0.65413549659966
-0.65350150766638
-0.65284536006062
-0.65216663407191
-0.65146489707948
-0.65073970215967
-0.64999063117883
-0.64921723745274
-0.64841910462725
-0.64759577102307
-0.6467468377949
-0.64587186041524
-0.64497041103918
-0.64404208027075
-0.64308642665637
-0.64210302681213
-0.64109147721737
-0.64005134071902
-0.6389822371861
-0.63788371490893
-0.63675538014388
-0.63559684295718
-0.63440767707902
-0.63318749855945
-0.63193592767906
-0.63065252552311
-0.62933693964768
-0.62798880175455
-0.6266076815899
-0.62519323995827
-0.62374509820514
-0.62226290472766
-0.6207462895486
-0.61919486265613
-0.61760833424103
-0.6159862993182
-0.61432847988254
-0.61263447939951
-0.61090403214886
-0.60913675050546
-0.6073323549497
-0.60549054686393
-0.60361100683044
-0.60169342056226
-0.59973750701391
-0.59774302030847
-0.59570963672174
-0.5936370948151
-0.59152514025173
-0.58937349606213
-0.58718195150511
-0.58495024356323
-0.58267814616485
-0.58036544080617
-0.57801188497989
-0.57561727448123
-0.5731814129274
-0.57070414458772
-0.5681852238231
-0.56562451057243
-0.56302180667599
-0.56037698912551
-0.55768987550231
-0.55496036012085
-0.55218827656855
-0.54937350109229
-0.54651595445474
-0.54361549470948
-0.54067202381898
-0.53768545242433
-0.5346557373143
-0.53158280768972
-0.52846652531371
-0.52530695037247
-0.5221039620283
-0.51885756309571
-0.5155677272263
-0.51223443706465
-0.50885772448284
-0.50543755067422
-0.5019739254224
-0.49846695005692
-0.49491657146604
-0.49132291055764
-0.48768597335939
-0.4840059013944
-0.4802826764134
-0.47651641634288
-0.47270729312232
-0.46885531496849
-0.46496062922541
-0.4610233936682
-0.45704373165236
-0.45302179821837
-0.44895773541138
-0.44485171724253
-0.44070390437469
-0.43651453607607
-0.43228376910557
-0.42801181557899
-0.42369889717128
-0.41934526886047
-0.41495112389597
-0.41051676009129
-0.40604238892704
-0.40152830315318
-0.39697478087069
-0.39238210940622
-0.38775058525433
-0.38308051401728
-0.37837221034243
-0.37362599785718
-0.36884220910154
-0.3640212109006
-0.35916335379305
-0.35426897130682
-0.34933843090151
-0.34437218641526
-0.33937054520016
-0.33433395245214
-0.32926280999175
-0.32415752782108
-0.31901852403354
-0.31384625137311
-0.30864114417125
-0.30340367142969
-0.29813425631913
-0.29283338334688
-0.28750154493293
-0.28213918669996
-0.27674684331307
-0.27132500240643
-0.26587415864645
-0.26039481361956
-0.25488750349558
-0.24935277149868
-0.24379115379171
-0.2382031650973
-0.23258936846566
-0.22695031935975
-0.22128659360227
-0.2155987306915
-0.20988733265112
-0.20415297908647
-0.19839625525676
-0.19261773759844
-0.18681803651658
-0.18099776777952
-0.1751575234926
-0.16929792949139
-0.16341960201675
-0.1575231764592
-0.15160926368727
-0.14567849335575
-0.13973154310587
-0.13376900710018
-0.12779157098403
-0.1217998730014
-0.11579455487469
-0.10977629109207
-0.10374573735873
-0.097703559798505
-0.091650420060334
-0.085586997297696
-0.079513965871213
-0.073431995139282
-0.067341764089828
-0.061243953782432
-0.055139250891571
-0.049028336398304
-0.042911896550108
-0.036790618980442
-0.030665192536292
-0.02453630710541
-0.018404653443272
-0.012270922999804
-0.0061358077459344
