0.0
0.0092037115033964
0.018406383575717
0.027606977046737
0.036804453267869
0.045997774372808
0.055185903537969
0.064367805242657
0.073542445528883
0.08270879226078
0.091865815383525
0.10101249274424
0.11014779365257
0.11927069584331
0.12838018016189
0.13747524190128
0.14655486885478
0.15561804163042
0.16466376709692
0.17369104541516
0.18269889237841
0.19168629561087
0.20065229188977
0.20959592321529
0.2185161604926
0.22741211185425
0.23628276022365
0.24512716050881
0.25394439580292
0.26273351242418
0.27149358542159
0.28022367546012
0.28892289380593
0.29759031623994
0.30622502659599
0.31482615966712
0.32339283702136
0.33192418871606
0.34041931119208
0.34887739468283
0.35729757494764
0.36567901829365
0.37402087965814
0.38232238647513
0.39058273403092
0.3988011070316
0.40697670077536
0.41510876244267
0.42319654960438
0.43123933039033
0.43923630240277
0.44718679680708
0.45509007459189
0.46294540862674
0.47075216378866
0.47850963622886
0.48621717411121
0.49387409799795
0.50147978043443
0.50903360611512
0.51653497201911
0.5239832100868
0.53137785900752
0.53871823779012
0.54600379500669
0.55323403013304
0.56040841714804
0.56752640562125
0.57458749655658
0.58159120434024
0.588537056842
0.59542459551281
0.60225337547891
0.60902296563213
0.61573294871667
0.62238288552603
0.62897245874545
0.63550122161029
0.64196888417998
0.64837506396262
0.65471942842615
0.66100165939166
0.66722152170914
0.67337865651975
0.67947282285644
0.68550375975446
0.6914712542013
0.69737507371668
0.70321503335062
0.70899089656153
0.71470244247011
0.72034965882839
0.72593228791646
0.73145015302549
0.73690328164629
0.74229146172918
0.7476146844026
0.75287276857067
0.75806579407023
0.76319360920233
0.76825619954533
0.77325362354648
0.7781858337078
0.78305285635695
0.78785473132457
0.79259145474269
0.79726320813877
0.80186990168013
0.80641174301915
0.81088883872935
0.81530125405048
0.81964912342357
0.82393259432058
0.82815188005328
0.83230709995462
0.83639844010859
0.84042615056292
0.84439039036259
0.84829143358851
0.85212946529579
0.85590478320053
0.85961759796266
0.86326827849917
0.86685705899787
0.87038423459633
0.8738501121768
0.87725505604337
0.8805993945483
0.88388346740697
0.88710766971949
0.89027231827203
0.89337782911371
0.89642458440015
0.8994129769503
0.90234349292605
0.90521650186993
0.90803242604065
0.91079173751957
0.91349491609183
0.91614241040079
0.91873464050354
0.92127218841978
0.92375545357639
0.92618503137053
0.92856133967479
0.93088498657489
0.93315640766729
0.93537618864485
0.93754488520791
0.93966302555719
0.94173117842199
0.94374985346279
0.94571969670637
0.94764126142152
0.94951507716132
0.9513418029569
0.95312200922604
0.95485627273862
0.95654523362891
0.95818947765155
0.95978959628166
0.96134626776204
0.96286006321786
0.96433163912465
0.96576160163777
0.96715058664777
0.96849925708738
0.96980822793374
0.97107814177563
0.97230966616124
0.97350340031538
0.9746600374502
0.97578020299058
0.97686456772303
0.97791375974433
0.97892845020054
0.97990928885139
0.98085690616128
0.98177199118503
0.98265517351427
0.98350710207024
0.98432844265114
0.98511985833818
0.98588195900525
0.98661543828366
0.98732090348759
0.98799902550011
0.98865042456128
0.9892757643596
0.98987566003139
0.99045075341627
0.99100166838709
0.99152903881126
0.99203349369176
0.99251564466451
0.99297609965412
0.99341548581167
0.9938343895601
0.9942334161528
0.99461316484711
0.99497422873298
0.99531718476099
0.99564261419735
0.99595109160174
0.99624317586268
0.99651943707147
0.99678041234332
0.99702666529535
0.99725871935036
0.9974771071176
0.99768236022101
0.99787499439648
0.99805550445552
0.99822440340543
0.99838217605857
0.99852930516732
0.99866626990506
0.99879352936811
0.99891153930203
0.99902074614591
0.99912159117765
0.99921450109035
0.99929989287201
0.99937817366394
0.99944973721798
0.99951498077239
0.99957427388222
0.99962798573902
0.9996764742528
0.99972008112086
0.99975914253983
0.99979398315085
0.99982491212807
0.99985223175522
0.99987623412444
0.99989719298451
0.99991537720216
0.99993103944763
0.99994442566738
0.99995576481437
0.99996527543724
0.99997316574378
0.99997962989207
0.99998485005998
0.99998899731206
0.99999222910247
0.99999469102539
0.999996515857
0.99999782446185
0.99999872453958
0.99999931135105
0.99999966788568
0.99999986394752
0.99999995695972
0.99999999149945
0.99999999946786
1.0
0.99999999946786
0.99999999149945
0.99999995695972
0.99999986394752
0.99999966788568
0.99999931135105
0.99999872453958
0.99999782446185
0.999996515857
0.99999469102539
0.99999222910247
0.99998899731206
0.99998485005998
0.99997962989207
0.99997316574378
0.99996527543724
0.99995576481437
0.99994442566738
0.99993103944763
0.99991537720216
0.99989719298451
0.99987623412444
0.99985223175522
0.99982491212807
0.99979398315085
0.99975914253983
0.99972008112086
0.9996764742528
0.99962798573902
0.99957427388222
0.99951498077239
0.99944973721798
0.99937817366394
0.99929989287201
0.99921450109035
0.99912159117765
0.99902074614591
0.99891153930203
0.99879352936811
0.99866626990506
0.99852930516732
0.99838217605857
0.99822440340543
0.99805550445552
0.99787499439648
0.99768236022101
0.9974771071176
0.99725871935036
0.99702666529535
0.99678041234332
0.99651943707147
0.99624317586268
0.99595109160174
0.99564261419735
0.99531718476099
0.99497422873298
0.99461316484711
0.9942334161528
0.9938343895601
0.99341548581167
0.99297609965412
0.99251564466451
0.99203349369176
0.99152903881126
0.99100166838709
0.99045075341627
0.98987566003139
0.9892757643596
0.98865042456128
0.98799902550011
0.98732090348759
0.98661543828366
0.98588195900525
0.98511985833818
0.98432844265114
0.98350710207024
0.98265517351427
0.98177199118503
0.98085690616128
0.97990928885139
0.97892845020054
0.97791375974433
0.97686456772303
0.97578020299058
0.9746600374502
0.97350340031538
0.97230966616124
0.97107814177563
0.96980822793374
0.96849925708738
0.96715058664777
0.96576160163777
0.96433163912465
0.96286006321786
0.96134626776204
0.95978959628166
0.95818947765155
0.95654523362891
0.95485627273862
0.95312200922604
0.9513418029569
0.94951507716132
0.94764126142152
0.94571969670637
0.94374985346279
0.94173117842199
0.93966302555719
0.93754488520791
0.93537618864485
0.93315640766729
0.93088498657489
0.92856133967479
0.92618503137053
0.92375545357639
0.92127218841978
0.91873464050354
0.91614241040079
0.91349491609183
0.91079173751957
0.90803242604065
0.90521650186993
0.90234349292605
0.8994129769503
0.89642458440015
0.89337782911371
0.89027231827203
0.88710766971949
0.88388346740697
0.8805993945483
0.87725505604337
0.8738501121768
0.87038423459633
0.86685705899787
0.86326827849917
0.85961759796266
0.85590478320053
0.85212946529579
0.84829143358851
0.84439039036259
0.84042615056292
0.83639844010859
0.83230709995462
0.82815188005328
0.82393259432058
0.81964912342357
0.81530125405048
0.81088883872935
0.80641174301915
0.80186990168013
0.79726320813877
0.79259145474269
0.78785473132457
0.78305285635695
0.7781858337078
0.77325362354648
0.76825619954533
0.76319360920233
0.75806579407023
0.75287276857067
0.7476146844026
0.74229146172918
0.73690328164629
0.73145015302549
0.72593228791646
0.72034965882839
0.71470244247011
0.70899089656153
0.70321503335062
0.69737507371668
0.6914712542013
0.68550375975446
0.67947282285644
0.67337865651975
0.66722152170914
0.66100165939166
0.65471942842615
0.64837506396262
0.64196888417998
0.63550122161029
0.62897245874545
0.62238288552603
0.61573294871667
0.60902296563213
0.60225337547891
0.59542459551281
0.588537056842
0.58159120434024
0.57458749655658
0.56752640562125
0.56040841714804
0.55323403013304
0.54600379500669
0.53871823779012
0.53137785900752
0.5239832100868
0.51653497201911
0.50903360611512
0.50147978043443
0.49387409799795
0.48621717411121
0.47850963622886
0.47075216378866
0.46294540862674
0.45509007459189
0.44718679680708
0.43923630240277
0.43123933039033
0.42319654960438
0.41510876244267
0.40697670077536
0.3988011070316
0.39058273403092
0.38232238647513
0.37402087965814
0.36567901829365
0.35729757494764
0.34887739468283
0.34041931119208
0.33192418871606
0.32339283702136
0.31482615966712
0.30622502659599
0.29759031623994
0.28892289380593
0.28022367546012
0.27149358542159
0.26273351242418
0.25394439580292
0.24512716050881
0.23628276022365
0.22741211185425
0.2185161604926
0.20959592321529
0.20065229188977
0.19168629561087
0.18269889237841
0.17369104541516
0.16466376709692
0.15561804163042
0.14655486885478
0.13747524190128
0.12838018016189
0.11927069584331
0.11014779365257
0.10101249274424
0.091865815383525
0.08270879226078
0.073542445528883
0.064367805242657
0.055185903537969
0.045997774372808
0.036804453267869
0.027606977046737
0.018406383575717
0.0092037115033964
-4.7777938628536e-14
-0.0092037115033964
-0.018406383575717
-0.027606977046737
-0.036804453267869
-0.045997774372808
-0.055185903537969
-0.064367805242657
-0.073542445528883
-0.08270879226078
-0.091865815383525
-0.10101249274424
-0.11014779365257
-0.11927069584331
-0.12838018016189
-0.13747524190128
-0.14655486885478
-0.15561804163042
-0.16466376709692
-0.17369104541516
-0.18269889237841
-0.19168629561087
-0.20065229188977
-0.20959592321529
-0.2185161604926
-0.22741211185425
-0.23628276022365
-0.24512716050881
-0.25394439580292
-0.26273351242418
-0.27149358542159
-0.28022367546012
-0.28892289380593
-0.29759031623994
-0.30622502659599
-0.31482615966712
-0.32339283702136
-0.33192418871606
-0.34041931119208
-0.34887739468283
-0.35729757494764
-0.36567901829365
-0.37402087965814
-0.38232238647513
-0.39058273403092
-0.3988011070316
-0.40697670077536
-0.41510876244267
-0.42319654960438
-0.43123933039033
-0.43923630240277
-0.44718679680708
-0.45509007459189
-0.46294540862674
-0.47075216378866
-0.47850963622886
-0.48621717411121
-0.49387409799795
-0.50147978043443
-0.50903360611512
-0.51653497201911
-0.5239832100868
-0.53137785900752
-0.53871823779012
-0.54600379500669
-0.55323403013304
-0.56040841714804
-0.56752640562125
-0.57458749655658
-0.58159120434024
-0.588537056842
-0.59542459551281
-0.60225337547891
-0.60902296563213
-0.61573294871667
-0.62238288552603
-0.62897245874545
-0.63550122161029
-0.64196888417998
-0.64837506396262
-0.65471942842615
-0.66100165939166
-0.66722152170914
-0.67337865651975
-0.67947282285644
-0.68550375975446
-0.6914712542013
-0.69737507371668
-0.70321503335062
-0.70899089656153
-0.71470244247011
-0.72034965882839
-0.72593228791646
-0.73145015302549
-0.73690328164629
-0.74229146172918
-0.7476146844026
-0.75287276857067
-0.75806579407023
-0.76319360920233
-0.76825619954533
-0.77325362354648
-0.7781858337078
-0.78305285635695
-0.78785473132457
-0.79259145474269
-0.79726320813877
-0.80186990168013
-0.80641174301915
-0.81088883872935
-0.81530125405048
-0.81964912342357
-0.82393259432058
-0.82815188005328
-0.83230709995462
-0.83639844010859
-0.84042615056292
-0.84439039036259
-0.84829143358851
-0.85212946529579
-0.85590478320053
-0.85961759796266
-0.86326827849917
-0.86685705899787
-0.87038423459633
-0.8738501121768
-0.87725505604337
-0.8805993945483
-0.88388346740697
-0.88710766971949
-0.89027231827203
-0.89337782911371
-0.89642458440015
-0.8994129769503
-0.90234349292605
-0.90521650186993
-0.90803242604065
-0.91079173751957
-0.91349491609183
-0.91614241040079
-0.91873464050354
-0.92127218841978
-0.92375545357639
-0.92618503137053
-0.92856133967479
-0.93088498657489
-0.93315640766729
-0.93537618864485
-0.93754488520791
-0.93966302555719
-0.94173117842199
-0.94374985346279
-0.94571969670637
-0.94764126142152
-0.94951507716132
-0.9513418029569
-0.95312200922604
-0.95485627273862
-0.95654523362891
-0.95818947765155
-0.95978959628166
-0.96134626776204
-0.96286006321786
-0.96433163912465
-0.96576160163777
-0.96715058664777
-0.96849925708738
-0.96980822793374
-0.97107814177563
-0.97230966616124
-0.97350340031538
-0.9746600374502
-0.97578020299058
-0.97686456772303
-0.97791375974433
-0.97892845020054
-0.97990928885139
-0.98085690616128
-0.98177199118503
-0.98265517351427
-0.98350710207024
-0.98432844265114
-0.98511985833818
-0.98588195900525
-0.98661543828366
-0.98732090348759
-0.98799902550011
-0.98865042456128
-0.9892757643596
-0.98987566003139
-0.99045075341627
-0.99100166838709
-0.99152903881126
-0.99203349369176
-0.99251564466451
-0.99297609965412
-0.99341548581167
-0.9938343895601
-0.9942334161528
-0.99461316484711
-0.99497422873298
-0.99531718476099
-0.99564261419735
-0.99595109160174
-0.99624317586268
-0.99651943707147
-0.99678041234332
-0.99702666529535
-0.99725871935036
-0.9974771071176
-0.99768236022101
-0.99787499439648
-0.99805550445552
-0.99822440340543
-0.99838217605857
-0.99852930516732
-0.99866626990506
-0.99879352936811
-0.99891153930203
-0.99902074614591
-0.99912159117765
-0.99921450109035
-0.99929989287201
-0.99937817366394
-0.99944973721798
-0.99951498077239
-0.99957427388222
-0.99962798573902
-0.9996764742528
-0.99972008112086
-0.99975914253983
-0.99979398315085
-0.99982491212807
-0.99985223175522
-0.99987623412444
-0.99989719298451
-0.99991537720216
-0.99993103944763
-0.99994442566738
-0.99995576481437
-0.99996527543724
-0.99997316574378
-0.99997962989207
-0.99998485005998
-0.99998899731206
-0.99999222910247
-0.99999469102539
-0.999996515857
-0.99999782446185
-0.99999872453958
-0.99999931135105
-0.99999966788568
-0.99999986394752
-0.99999995695972
-0.99999999149945
-0.99999999946786
-1.0
-0.99999999946786
-0.99999999149945
-0.99999995695972
-0.99999986394752
-0.99999966788568
-0.99999931135105
-0.99999872453958
-0.99999782446185
-0.999996515857
-0.99999469102539
-0.99999222910247
-0.99998899731206
-0.99998485005998
-0.99997962989207
-0.99997316574378
-0.99996527543724
-0.99995576481437
-0.99994442566738
-0.99993103944763
-0.99991537720216
-0.99989719298451
-0.99987623412444
-0.99985223175522
-0.99982491212807
-0.99979398315085
-0.99975914253983
-0.99972008112086
-0.9996764742528
-0.99962798573902
-0.99957427388222
-0.99951498077239
-0.99944973721798
-0.99937817366394
-0.99929989287201
-0.99921450109035
-0.99912159117765
-0.99902074614591
-0.99891153930203
-0.99879352936811
-0.99866626990506
-0.99852930516732
-0.99838217605857
-0.99822440340543
-0.99805550445552
-0.99787499439648
-0.99768236022101
-0.9974771071176
-0.99725871935036
-0.99702666529535
-0.99678041234332
-0.99651943707147
-0.99624317586268
-0.99595109160174
-0.99564261419735
-0.99531718476099
-0.99497422873298
-0.99461316484711
-0.9942334161528
-0.9938343895601
-0.99341548581167
-0.99297609965412
-0.99251564466451
-0.99203349369176
-0.99152903881126
-0.99100166838709
-0.99045075341627
-0.98987566003139
-0.9892757643596
-0.98865042456128
-0.98799902550011
-0.98732090348759
-0.98661543828366
-0.98588195900525
-0.98511985833818
-0.98432844265114
-0.98350710207024
-0.98265517351427
-0.98177199118503
-0.98085690616128
-0.97990928885139
-0.97892845020054
-0.97791375974433
-0.97686456772303
-0.97578020299058
-0.9746600374502
-0.97350340031538
-0.97230966616124
-0.97107814177563
-0.96980822793374
-0.96849925708738
-0.96715058664777
-0.96576160163777
-0.96433163912465
-0.96286006321786
-0.96134626776204
-0.95978959628166
-0.95818947765155
-0.95654523362891
-0.95485627273862
-0.95312200922604
-0.9513418029569
-0.94951507716132
-0.94764126142152
-0.94571969670637
-0.94374985346279
-0.94173117842199
-0.93966302555719
-0.93754488520791
-0.93537618864485
-0.93315640766729
-0.93088498657489
-0.92856133967479
-0.92618503137053
-0.92375545357639
-0.92127218841978
-0.91873464050354
-0.91614241040079
-0.91349491609183
-0.91079173751957
-0.90803242604065
-0.90521650186993
-0.90234349292605
-0.8994129769503
-0.89642458440015
-0.89337782911371
-0.89027231827203
-0.88710766971949
-0.88388346740697
-0.8805993945483
-0.87725505604337
-0.8738501121768
-0.87038423459633
-0.86685705899787
-0.86326827849917
-0.85961759796266
-0.85590478320053
-0.85212946529579
-0.84829143358851
-0.84439039036259
-0.84042615056292
-0.83639844010859
-0.83230709995462
-0.82815188005328
-0.82393259432058
-0.81964912342357
-0.81530125405048
-0.81088883872935
-0.80641174301915
-0.80186990168013
-0.79726320813877
-0.79259145474269
-0.78785473132457
-0.78305285635695
-0.7781858337078
-0.77325362354648
-0.76825619954533
-0.76319360920233
-0.75806579407023
-0.75287276857067
-0.7476146844026
-0.74229146172918
-0.73690328164629
-0.73145015302549
-0.72593228791646
-0.72034965882839
-0.71470244247011
-0.70899089656153
-0.70321503335062
-0.69737507371668
-0.6914712542013
-0.68550375975446
-0.67947282285644
-0.67337865651975
-0.66722152170914
-0.66100165939166
-0.65471942842615
-0.64837506396262
-0.64196888417998
-0.63550122161029
-0.62897245874545
-0.62238288552603
-0.61573294871667
-0.60902296563213
-0.60225337547891
-0.59542459551281
-0.588537056842
-0.58159120434024
-0.57458749655658
-0.56752640562125
-0.56040841714804
-0.55323403013304
-0.54600379500669
-0.53871823779012
-0.53137785900752
-0.5239832100868
-0.51653497201911
-0.50903360611512
-0.50147978043443
-0.49387409799795
-0.48621717411121
-0.47850963622886
-0.47075216378866
-0.46294540862674
-0.45509007459189
-0.44718679680708
-0.43923630240277
-0.43123933039033
-0.42319654960438
-0.41510876244267
-0.40697670077536
-0.3988011070316
-0.39058273403092
-0.38232238647513
-0.37402087965814
-0.36567901829365
-0.35729757494764
-0.34887739468283
-0.34041931119208
-0.33192418871606
-0.32339283702136
-0.31482615966712
-0.30622502659599
-0.29759031623994
-0.28892289380593
-0.28022367546012
-0.27149358542159
-0.26273351242418
-0.25394439580292
-0.24512716050881
-0.23628276022365
-0.22741211185425
-0.2185161604926
-0.20959592321529
-0.20065229188977
-0.19168629561087
-0.18269889237841
-0.17369104541516
-0.16466376709692
-0.15561804163042
-0.14655486885478
-0.13747524190128
-0.12838018016189
-0.11927069584331
-0.11014779365257
-0.10101249274424
-0.091865815383525
-0.08270879226078
-0.073542445528883
-0.064367805242657
-0.055185903537969
-0.045997774372808
-0.036804453267869
-0.027606977046737
-0.018406383575717
-0.0092037115033964
