0.0
0.013000425665959
0.025998408875057
0.038991507905617
0.051977282506127
0.064953294629852
0.077917109168841
0.090866294687183
0.10379842415328
0.11671107567095
0.12960183320921
0.14246829515203
0.15530805153296
0.16811870827523
0.18089788006885
0.19364320661109
0.20635232217386
0.21902285648968
0.23165248188071
0.24423886747535
0.2567797107486
0.26927267691877
0.28171550689014
0.29410595628718
0.30644169034231
0.31872057250861
0.33094030189046
0.34309868620311
0.35519358117541
0.36722280173628
0.37918421236605
0.3910756684284
0.40289510505431
0.41464042021001
0.42630953455791
0.43790044953679
0.44941116073539
0.46083968766858
0.4721840179533
0.48344227785739
0.49461253438919
0.50569290922942
0.51668152343716
0.5275766081259
0.53837636665065
0.54907900397047
0.559682754897
0.5701859376198
0.5805868996126
0.59088401810826
0.60107559725838
0.611160129108
0.62113603360956
0.63100176420048
0.64075590793812
0.65039698387657
0.65992359481533
0.66933432860808
0.67862785677063
0.68780288505971
0.6968581538548
0.70579234592374
0.71460441250123
0.72329306275522
0.73185718247408
0.74029573806604
0.74860768692543
0.75679198049802
0.76484765234503
0.77277377374414
0.78056945397485
0.78823384059372
0.79576611969936
0.80316551618723
0.81043129399395
0.81756271803695
0.82455920823266
0.83142007104287
0.838144803535
0.84473283046989
0.85118365456817
0.85749681900312
0.86367197526288
0.86970867756153
0.87560662383874
0.88136551851924
0.88698513832929
0.89246526797379
0.89780576326993
0.90300646032247
0.90806723937844
0.91298819161072
0.91776921912779
0.92241032666599
0.92691171739733
0.93127342214646
0.93549566729466
0.93957857090628
0.94352248368449
0.94732760654538
0.95099427592038
0.95452290792098
0.95791387144914
0.96116761778345
0.964284636259
0.96726541874385
0.97011060254429
0.97282068863161
0.97539638794217
0.97783837791806
0.98014734519935
0.98232404576947
0.98436927233797
0.98628387748388
0.98806870030263
0.98972464232726
0.99125265967279
0.99265370335834
0.99392879723366
0.99507896562436
0.99610529899317
0.99700889382994
0.99779091557638
0.99845252703292
0.99899493708734
0.99941938772848
0.9997271570895
0.99991954766991
0.9999978939949
1
1
1
1
1
1
1
1
1
1
1
1
1
1
1
1
1
1
1
1
1
1
1
1
1
1
1
1
1
1
1
1
1
1
1
1
1
1
1
1
1
1
1
1
1
1
1
1
1
1
1
1
1
1
1
1
1
1
1
1
1
1
1
1
1
1
1
1
1
1
1
1
1
1
1
1
1
1
1
1
1
1
1
1
1
1
1
1
1
1
1
1
1
1
1
1
1
1
1
1
1
1
1
1
1
1
1
1
1
1
1
1
1
1
1
1
1
1
1
1
1
1
1
1
1
1
1
1
1
1
1
1
1
1
1
1
1
1
1
1
1
1
1
1
1
1
1
1
1
1
1
1
1
1
1
1
1
1
1
1
1
1
1
1
1
1
1
1
1
1
1
1
1
1
1
1
1
1
1
1
1
1
1
1
1
1
1
1
1
1
1
1
1
1
1
1
1
1
1
1
1
1
1
1
1
1
1
1
1
1
1
1
1
1
1
1
1
1
1
1
1
1
1
1
1
1
1
1
1
1
1
1
1
1
1
1
1
1
1
1
1
1
1
1
1
1
1
1
1
1
1
1
1
1
1
0.9999978939949
0.99991954766991
0.9997271570895
0.99941938772848
0.99899493708734
0.99845252703292
0.99779091557638
0.99700889382994
0.99610529899317
0.99507896562436
0.99392879723366
0.99265370335834
0.99125265967279
0.98972464232726
0.98806870030263
0.98628387748388
0.98436927233797
0.98232404576947
0.98014734519935
0.97783837791806
0.97539638794217
0.97282068863161
0.97011060254429
0.96726541874385
0.964284636259
0.96116761778345
0.95791387144914
0.95452290792098
0.95099427592038
0.94732760654538
0.94352248368449
0.93957857090628
0.93549566729466
0.93127342214646
0.92691171739733
0.92241032666599
0.91776921912779
0.91298819161072
0.90806723937844
0.90300646032247
0.89780576326993
0.89246526797379
0.88698513832929
0.88136551851924
0.87560662383874
0.86970867756153
0.86367197526288
0.85749681900312
0.85118365456817
0.84473283046989
0.838144803535
0.83142007104287
0.82455920823266
0.81756271803695
0.81043129399395
0.80316551618723
0.79576611969936
0.78823384059372
0.78056945397485
0.77277377374414
0.76484765234503
0.75679198049802
0.74860768692543
0.74029573806604
0.73185718247408
0.72329306275522
0.71460441250123
0.70579234592374
0.6968581538548
0.68780288505971
0.67862785677063
0.66933432860808
0.65992359481533
0.65039698387657
0.64075590793812
0.63100176420048
0.62113603360956
0.611160129108
0.60107559725838
0.59088401810826
0.5805868996126
0.5701859376198
0.559682754897
0.54907900397047
0.53837636665065
0.5275766081259
0.51668152343716
0.50569290922942
0.49461253438919
0.48344227785739
0.4721840179533
0.46083968766858
0.44941116073539
0.43790044953679
0.42630953455791
0.41464042021001
0.40289510505431
0.3910756684284
0.37918421236605
0.36722280173628
0.35519358117541
0.34309868620311
0.33094030189046
0.31872057250861
0.30644169034231
0.29410595628718
0.28171550689014
0.26927267691877
0.2567797107486
0.24423886747535
0.23165248188071
0.21902285648968
0.20635232217386
0.19364320661109
0.18089788006885
0.16811870827523
0.15530805153296
0.14246829515203
0.12960183320921
0.11671107567095
0.10379842415328
0.090866294687183
0.077917109168841
0.064953294629852
0.051977282506127
0.038991507905617
0.025998408875057
0.013000425665959
-6.7488132117489e-14
-0.013000425665959
-0.025998408875057
-0.038991507905617
-0.051977282506127
-0.064953294629852
-0.077917109168841
-0.090866294687183
-0.10379842415328
-0.11671107567095
-0.12960183320921
-0.14246829515203
-0.15530805153296
-0.16811870827523
-0.18089788006885
-0.19364320661109
-0.20635232217386
-0.21902285648968
-0.23165248188071
-0.24423886747535
-0.2567797107486
-0.26927267691877
-0.28171550689014
-0.29410595628718
-0.30644169034231
-0.31872057250861
-0.33094030189046
-0.34309868620311
-0.35519358117541
-0.36722280173628
-0.37918421236605
-0.3910756684284
-0.40289510505431
-0.41464042021001
-0.42630953455791
-0.43790044953679
-0.44941116073539
-0.46083968766858
-0.4721840179533
-0.48344227785739
-0.49461253438919
-0.50569290922942
-0.51668152343716
-0.5275766081259
-0.53837636665065
-0.54907900397047
-0.559682754897
-0.5701859376198
-0.5805868996126
-0.59088401810826
-0.60107559725838
-0.611160129108
-0.62113603360956
-0.63100176420048
-0.64075590793812
-0.65039698387657
-0.65992359481533
-0.66933432860808
-0.67862785677063
-0.68780288505971
-0.6968581538548
-0.70579234592374
-0.71460441250123
-0.72329306275522
-0.73185718247408
-0.74029573806604
-0.74860768692543
-0.75679198049802
-0.76484765234503
-0.77277377374414
-0.78056945397485
-0.78823384059372
-0.79576611969936
-0.80316551618723
-0.81043129399395
-0.81756271803695
-0.82455920823266
-0.83142007104287
-0.838144803535
-0.84473283046989
-0.85118365456817
-0.85749681900312
-0.86367197526288
-0.86970867756153
-0.87560662383874
-0.88136551851924
-0.88698513832929
-0.89246526797379
-0.89780576326993
-0.90300646032247
-0.90806723937844
-0.91298819161072
-0.91776921912779
-0.92241032666599
-0.92691171739733
-0.93127342214646
-0.93549566729466
-0.93957857090628
-0.94352248368449
-0.94732760654538
-0.95099427592038
-0.95452290792098
-0.95791387144914
-0.96116761778345
-0.964284636259
-0.96726541874385
-0.97011060254429
-0.97282068863161
-0.97539638794217
-0.97783837791806
-0.98014734519935
-0.98232404576947
-0.98436927233797
-0.98628387748388
-0.98806870030263
-0.98972464232726
-0.99125265967279
-0.99265370335834
-0.99392879723366
-0.99507896562436
-0.99610529899317
-0.99700889382994
-0.99779091557638
-0.99845252703292
-0.99899493708734
-0.99941938772848
-0.9997271570895
-0.99991954766991
-0.9999978939949
-1
-1
-1
-1
-1
-1
-1
-1
-1
-1
-1
-1
-1
-1
-1
-1
-1
-1
-1
-1
-1
-1
-1
-1
-1
-1
-1
-1
-1
-1
-1
-1
-1
-1
-1
-1
-1
-1
-1
-1
-1
-1
-1
-1
-1
-1
-1
-1
-1
-1
-1
-1
-1
-1
-1
-1
-1
-1
-1
-1
-1
-1
-1
-1
-1
-1
-1
-1
-1
-1
-1
-1
-1
-1
-1
-1
-1
-1
-1
-1
-1
-1
-1
-1
-1
-1
-1
-1
-1
-1
-1
-1
-1
-1
-1
-1
-1
-1
-1
-1
-1
-1
-1
-1
-1
-1
-1
-1
-1
-1
-1
-1
-1
-1
-1
-1
-1
-1
-1
-1
-1
-1
-1
-1
-1
-1
-1
-1
-1
-1
-1
-1
-1
-1
-1
-1
-1
-1
-1
-1
-1
-1
-1
-1
-1
-1
-1
-1
-1
-1
-1
-1
-1
-1
-1
-1
-1
-1
-1
-1
-1
-1
-1
-1
-1
-1
-1
-1
-1
-1
-1
-1
-1
-1
-1
-1
-1
-1
-1
-1
-1
-1
-1
-1
-1
-1
-1
-1
-1
-1
-1
-1
-1
-1
-1
-1
-1
-1
-1
-1
-1
-1
-1
-1
-1
-1
-1
-1
-1
-1
-1
-1
-1
-1
-1
-1
-1
-1
-1
-1
-1
-1
-1
-1
-1
-1
-1
-1
-1
-1
-1
-1
-1
-1
-1
-1
-1
-1
-1
-1
-1
-1
-1
-1
-1
-1
-1
-1
-1
-1
-1
-1
-1
-1
-1
-0.9999978939949
-0.99991954766991
-0.9997271570895
-0.99941938772848
-0.99899493708734
-0.99845252703292
-0.99779091557638
-0.99700889382994
-0.99610529899317
-0.99507896562436
-0.99392879723366
-0.99265370335834
-0.99125265967279
-0.98972464232726
-0.98806870030263
-0.98628387748388
-0.98436927233797
-0.98232404576947
-0.98014734519935
-0.97783837791806
-0.97539638794217
-0.97282068863161
-0.97011060254429
-0.96726541874385
-0.964284636259
-0.96116761778345
-0.95791387144914
-0.95452290792098
-0.95099427592038
-0.94732760654538
-0.94352248368449
-0.93957857090628
-0.93549566729466
-0.93127342214646
-0.92691171739733
-0.92241032666599
-0.91776921912779
-0.91298819161072
-0.90806723937844
-0.90300646032247
-0.89780576326993
-0.89246526797379
-0.88698513832929
-0.88136551851924
-0.87560662383874
-0.86970867756153
-0.86367197526288
-0.85749681900312
-0.85118365456817
-0.84473283046989
-0.838144803535
-0.83142007104287
-0.82455920823266
-0.81756271803695
-0.81043129399395
-0.80316551618723
-0.79576611969936
-0.78823384059372
-0.78056945397485
-0.77277377374414
-0.76484765234503
-0.75679198049802
-0.74860768692543
-0.74029573806604
-0.73185718247408
-0.72329306275522
-0.71460441250123
-0.70579234592374
-0.6968581538548
-0.68780288505971
-0.67862785677063
-0.66933432860808
-0.65992359481533
-0.65039698387657
-0.64075590793812
-0.63100176420048
-0.62113603360956
-0.611160129108
-0.60107559725838
-0.59088401810826
-0.5805868996126
-0.5701859376198
-0.559682754897
-0.54907900397047
-0.53837636665065
-0.5275766081259
-0.51668152343716
-0.50569290922942
-0.49461253438919
-0.48344227785739
-0.4721840179533
-0.46083968766858
-0.44941116073539
-0.43790044953679
-0.42630953455791
-0.41464042021001
-0.40289510505431
-0.3910756684284
-0.37918421236605
-0.36722280173628
-0.35519358117541
-0.34309868620311
-0.33094030189046
-0.31872057250861
-0.30644169034231
-0.29410595628718
-0.28171550689014
-0.26927267691877
-0.2567797107486
-0.24423886747535
-0.23165248188071
-0.21902285648968
-0.20635232217386
-0.19364320661109
-0.18089788006885
-0.16811870827523
-0.15530805153296
-0.14246829515203
-0.12960183320921
-0.11671107567095
-0.10379842415328
-0.090866294687183
-0.077917109168841
-0.064953294629852
-0.051977282506127
-0.038991507905617
-0.025998408875057
-0.013000425665959
