0.0
0.0061358846724033
0.012271538376808
0.018406730145216
0.024541229009628
0.030674804002047
0.036807224154472
0.042938258498907
0.049067676067352
0.055195245891809
0.06132073700428
0.067443922162056
0.073564566671848
0.079682439565659
0.085797309875488
0.09190895408392
0.098017141222954
0.10412163287401
0.11022220551968
0.11631862819195
0.12241067737341
0.1284981071949
0.13458070158958
0.14065824449062
0.14673046767712
0.15279719233513
0.15885815024376
0.16491311788559
0.17096188664436
0.1770042181015
0.18303988873959
0.18906866014004
0.1950903236866
0.20110464096069
0.20711137354374
0.21311031281948
0.2191012352705
0.22508391737938
0.23105810582638
0.2370236068964
0.24298018217087
0.24892760813236
0.2548656463623
0.2607941031456
0.26671275496483
0.27262136340141
0.27851969003677
0.28440752625465
0.2902846634388
0.29615089297295
0.3020059466362
0.30784964561462
0.31368175148964
0.31950202584267
0.32531028985977
0.33110630512238
0.33688986301422
0.34266072511673
0.34841868281364
0.35416352748871
0.35989505052567
0.36561298370361
0.37131720781326
0.37700742483139
0.38268342614174
0.38834503293037
0.39399203658104
0.39962419867516
0.40524131059647
0.41084316372871
0.41642954945564
0.422000259161
0.42755508422852
0.43309381604195
0.43861624598503
0.44412213563919
0.44961133599281
0.455083578825
0.46053871512413
0.46597650647163
0.47139674425125
0.47679921984673
0.48218378424644
0.48755016922951
0.49289819598198
0.4982276558876
0.50353837013245
0.50883013010025
0.51410275697708
0.51935601234436
0.52458965778351
0.52980363368988
0.53499764204025
0.54017144441605
0.54532498121262
0.55045795440674
0.55557024478912
0.56066155433655
0.56573182344437
0.57078075408936
0.57580816745758
0.58081394433975
0.58579784631729
0.59075969457626
0.59569931030273
0.60061645507812
0.60551106929779
0.61038279533386
0.6152315735817
0.62005722522736
0.62485951185226
0.62963825464249
0.63439327478409
0.63912445306778
0.64383155107498
0.64851438999176
0.65317285060883
0.6578066945076
0.66241580247879
0.66699993610382
0.6715589761734
0.67609268426895
0.68060100078583
0.68508368730545
0.68954056501389
0.6939714550972
0.6983762383461
0.70275473594666
0.70710676908493
0.71143221855164
0.71573084592819
0.72000253200531
0.72424709796906
0.72846436500549
0.73265427350998
0.73681658506393
0.74095112085342
0.74505776166916
0.74913638830185
0.75318682193756
0.75720882415771
0.76120239496231
0.76516723632812
0.76910334825516
0.77301043272018
0.77688848972321
0.780737221241
0.78455656766891
0.78834640979767
0.79210656881332
0.79583692550659
0.79953724145889
0.80320751667023
0.80684757232666
0.81045717000961
0.81403630971909
0.81758481264114
0.82110249996185
0.82458931207657
0.82804507017136
0.83146959543228
0.83486288785934
0.83822470903397
0.8415549993515
0.84485357999802
0.84812033176422
0.85135519504547
0.85455799102783
0.85772860050201
0.86086696386337
0.86397284269333
0.86704623699188
0.8700869679451
0.87309497594833
0.87607008218765
0.87901222705841
0.88192129135132
0.88479709625244
0.88763964176178
0.8904487490654
0.89322429895401
0.89596623182297
0.89867448806763
0.90134882926941
0.90398931503296
0.9065957069397
0.90916800498962
0.9117060303688
0.91420978307724
0.91667908430099
0.91911387443542
0.92151403427124
0.9238795042038
0.92621022462845
0.92850607633591
0.93076694011688
0.93299281597137
0.93518352508545
0.93733900785446
0.93945920467377
0.94154405593872
0.94359344244003
0.94560730457306
0.94758558273315
0.94952815771103
0.95143502950668
0.95330601930618
0.95514118671417
0.95694035291672
0.95870345830917
0.96043050289154
0.96212142705917
0.96377605199814
0.96539443731308
0.96697646379471
0.96852207183838
0.97003126144409
0.97150391340256
0.97293996810913
0.97433936595917
0.97570210695267
0.97702813148499
0.97831737995148
0.9795697927475
0.98078525066376
0.98196387290955
0.98310548067093
0.98421007394791
0.98527765274048
0.98630809783936
0.98730140924454
0.98825758695602
0.98917651176453
0.99005818367004
0.99090266227722
0.99170976877213
0.9924795627594
0.99321192502975
0.99390697479248
0.99456459283829
0.99518471956253
0.99576741456985
0.99631261825562
0.99682027101517
0.99729043245316
0.99772304296494
0.99811810255051
0.99847555160522
0.99879544973373
0.99907773733139
0.99932235479355
0.9995294213295
0.99969881772995
0.99983060359955
0.99992471933365
0.99998116493225
1.0
0.99998116493225
0.99992471933365
0.99983060359955
0.99969881772995
0.9995294213295
0.99932235479355
0.99907773733139
0.99879544973373
0.99847555160522
0.99811810255051
0.99772304296494
0.99729043245316
0.99682027101517
0.99631261825562
0.99576741456985
0.99518471956253
0.99456459283829
0.99390697479248
0.99321192502975
0.9924795627594
0.99170976877213
0.99090266227722
0.99005818367004
0.98917651176453
0.98825758695602
0.98730140924454
0.98630809783936
0.98527765274048
0.98421007394791
0.98310548067093
0.98196387290955
0.98078525066376
0.9795697927475
0.97831737995148
0.97702813148499
0.97570210695267
0.97433936595917
0.97293996810913
0.97150391340256
0.97003126144409
0.96852207183838
0.96697646379471
0.96539443731308
0.96377605199814
0.96212142705917
0.96043050289154
0.95870345830917
0.95694035291672
0.95514118671417
0.95330601930618
0.95143502950668
0.94952815771103
0.94758558273315
0.94560730457306
0.94359344244003
0.94154405593872
0.93945920467377
0.93733900785446
0.93518352508545
0.93299281597137
0.93076694011688
0.92850607633591
0.92621022462845
0.9238795042038
0.92151403427124
0.91911387443542
0.91667908430099
0.91420978307724
0.9117060303688
0.90916800498962
0.9065957069397
0.90398931503296
0.90134882926941
0.89867448806763
0.89596623182297
0.89322429895401
0.8904487490654
0.88763964176178
0.88479709625244
0.88192129135132
0.87901222705841
0.87607008218765
0.87309497594833
0.8700869679451
0.86704623699188
0.86397284269333
0.86086696386337
0.85772860050201
0.85455799102783
0.85135519504547
0.84812033176422
0.84485357999802
0.8415549993515
0.83822470903397
0.83486288785934
0.83146959543228
0.82804507017136
0.82458931207657
0.82110249996185
0.81758481264114
0.81403630971909
0.81045717000961
0.80684757232666
0.80320751667023
0.79953724145889
0.79583692550659
0.79210656881332
0.78834640979767
0.78455656766891
0.780737221241
0.77688848972321
0.77301043272018
0.76910334825516
0.76516723632812
0.76120239496231
0.75720882415771
0.75318682193756
0.74913638830185
0.74505776166916
0.74095112085342
0.73681658506393
0.73265427350998
0.72846436500549
0.72424709796906
0.72000253200531
0.71573084592819
0.71143221855164
0.70710676908493
0.70275473594666
0.6983762383461
0.6939714550972
0.68954056501389
0.68508368730545
0.68060100078583
0.67609268426895
0.6715589761734
0.66699993610382
0.66241580247879
0.6578066945076
0.65317285060883
0.64851438999176
0.64383155107498
0.63912445306778
0.63439327478409
0.62963825464249
0.62485951185226
0.62005722522736
0.6152315735817
0.61038279533386
0.60551106929779
0.60061645507812
0.59569931030273
0.59075969457626
0.58579784631729
0.58081394433975
0.57580816745758
0.57078075408936
0.56573182344437
0.56066155433655
0.55557024478912
0.55045795440674
0.54532498121262
0.54017144441605
0.53499764204025
0.52980363368988
0.52458965778351
0.51935601234436
0.51410275697708
0.50883013010025
0.50353837013245
0.4982276558876
0.49289819598198
0.48755016922951
0.48218378424644
0.47679921984673
0.47139674425125
0.46597650647163
0.46053871512413
0.455083578825
0.44961133599281
0.44412213563919
0.43861624598503
0.43309381604195
0.42755508422852
0.422000259161
0.41642954945564
0.41084316372871
0.40524131059647
0.39962419867516
0.39399203658104
0.38834503293037
0.38268342614174
0.37700742483139
0.37131720781326
0.36561298370361
0.35989505052567
0.35416352748871
0.34841868281364
0.34266072511673
0.33688986301422
0.33110630512238
0.32531028985977
0.31950202584267
0.31368175148964
0.30784964561462
0.3020059466362
0.29615089297295
0.2902846634388
0.28440752625465
0.27851969003677
0.27262136340141
0.26671275496483
0.2607941031456
0.2548656463623
0.24892760813236
0.24298018217087
0.2370236068964
0.23105810582638
0.22508391737938
0.2191012352705
0.21311031281948
0.20711137354374
0.20110464096069
0.1950903236866
0.18906866014004
0.18303988873959
0.1770042181015
0.17096188664436
0.16491311788559
0.15885815024376
0.15279719233513
0.14673046767712
0.14065824449062
0.13458070158958
0.1284981071949
0.12241067737341
0.11631862819195
0.11022220551968
0.10412163287401
0.098017141222954
0.09190895408392
0.085797309875488
0.079682439565659
0.073564566671848
0.067443922162056
0.06132073700428
0.055195245891809
0.049067676067352
0.042938258498907
0.036807224154472
0.030674804002047
0.024541229009628
0.018406730145216
0.012271538376808
0.0061358846724033
-3.185195908569e-14
-0.0061358846724033
-0.012271538376808
-0.018406730145216
-0.024541229009628
-0.030674804002047
-0.036807224154472
-0.042938258498907
-0.049067676067352
-0.055195245891809
-0.06132073700428
-0.067443922162056
-0.073564566671848
-0.079682439565659
-0.085797309875488
-0.09190895408392
-0.098017141222954
-0.10412163287401
-0.11022220551968
-0.11631862819195
-0.12241067737341
-0.1284981071949
-0.13458070158958
-0.14065824449062
-0.14673046767712
-0.15279719233513
-0.15885815024376
-0.16491311788559
-0.17096188664436
-0.1770042181015
-0.18303988873959
-0.18906866014004
-0.1950903236866
-0.20110464096069
-0.20711137354374
-0.21311031281948
-0.2191012352705
-0.22508391737938
-0.23105810582638
-0.2370236068964
-0.24298018217087
-0.24892760813236
-0.2548656463623
-0.2607941031456
-0.26671275496483
-0.27262136340141
-0.27851969003677
-0.28440752625465
-0.2902846634388
-0.29615089297295
-0.3020059466362
-0.30784964561462
-0.31368175148964
-0.31950202584267
-0.32531028985977
-0.33110630512238
-0.33688986301422
-0.34266072511673
-0.34841868281364
-0.35416352748871
-0.35989505052567
-0.36561298370361
-0.37131720781326
-0.37700742483139
-0.38268342614174
-0.38834503293037
-0.39399203658104
-0.39962419867516
-0.40524131059647
-0.41084316372871
-0.41642954945564
-0.422000259161
-0.42755508422852
-0.43309381604195
-0.43861624598503
-0.44412213563919
-0.44961133599281
-0.455083578825
-0.46053871512413
-0.46597650647163
-0.47139674425125
-0.47679921984673
-0.48218378424644
-0.48755016922951
-0.49289819598198
-0.4982276558876
-0.50353837013245
-0.50883013010025
-0.51410275697708
-0.51935601234436
-0.52458965778351
-0.52980363368988
-0.53499764204025
-0.54017144441605
-0.54532498121262
-0.55045795440674
-0.55557024478912
-0.56066155433655
-0.56573182344437
-0.57078075408936
-0.57580816745758
-0.58081394433975
-0.58579784631729
-0.59075969457626
-0.59569931030273
-0.60061645507812
-0.60551106929779
-0.61038279533386
-0.6152315735817
-0.62005722522736
-0.62485951185226
-0.62963825464249
-0.63439327478409
-0.63912445306778
-0.64383155107498
-0.64851438999176
-0.65317285060883
-0.6578066945076
-0.66241580247879
-0.66699993610382
-0.6715589761734
-0.67609268426895
-0.68060100078583
-0.68508368730545
-0.68954056501389
-0.6939714550972
-0.6983762383461
-0.70275473594666
-0.70710676908493
-0.71143221855164
-0.71573084592819
-0.72000253200531
-0.72424709796906
-0.72846436500549
-0.73265427350998
-0.73681658506393
-0.74095112085342
-0.74505776166916
-0.74913638830185
-0.75318682193756
-0.75720882415771
-0.76120239496231
-0.76516723632812
-0.76910334825516
-0.77301043272018
-0.77688848972321
-0.780737221241
-0.78455656766891
-0.78834640979767
-0.79210656881332
-0.79583692550659
-0.79953724145889
-0.80320751667023
-0.80684757232666
-0.81045717000961
-0.81403630971909
-0.81758481264114
-0.82110249996185
-0.82458931207657
-0.82804507017136
-0.83146959543228
-0.83486288785934
-0.83822470903397
-0.8415549993515
-0.84485357999802
-0.84812033176422
-0.85135519504547
-0.85455799102783
-0.85772860050201
-0.86086696386337
-0.86397284269333
-0.86704623699188
-0.8700869679451
-0.87309497594833
-0.87607008218765
-0.87901222705841
-0.88192129135132
-0.88479709625244
-0.88763964176178
-0.8904487490654
-0.89322429895401
-0.89596623182297
-0.89867448806763
-0.90134882926941
-0.90398931503296
-0.9065957069397
-0.90916800498962
-0.9117060303688
-0.91420978307724
-0.91667908430099
-0.91911387443542
-0.92151403427124
-0.9238795042038
-0.92621022462845
-0.92850607633591
-0.93076694011688
-0.93299281597137
-0.93518352508545
-0.93733900785446
-0.93945920467377
-0.94154405593872
-0.94359344244003
-0.94560730457306
-0.94758558273315
-0.94952815771103
-0.95143502950668
-0.95330601930618
-0.95514118671417
-0.95694035291672
-0.95870345830917
-0.96043050289154
-0.96212142705917
-0.96377605199814
-0.96539443731308
-0.96697646379471
-0.96852207183838
-0.97003126144409
-0.97150391340256
-0.97293996810913
-0.97433936595917
-0.97570210695267
-0.97702813148499
-0.97831737995148
-0.9795697927475
-0.98078525066376
-0.98196387290955
-0.98310548067093
-0.98421007394791
-0.98527765274048
-0.98630809783936
-0.98730140924454
-0.98825758695602
-0.98917651176453
-0.99005818367004
-0.99090266227722
-0.99170976877213
-0.9924795627594
-0.99321192502975
-0.99390697479248
-0.99456459283829
-0.99518471956253
-0.99576741456985
-0.99631261825562
-0.99682027101517
-0.99729043245316
-0.99772304296494
-0.99811810255051
-0.99847555160522
-0.99879544973373
-0.99907773733139
-0.99932235479355
-0.9995294213295
-0.99969881772995
-0.99983060359955
-0.99992471933365
-0.99998116493225
-1.0
-0.99998116493225
-0.99992471933365
-0.99983060359955
-0.99969881772995
-0.9995294213295
-0.99932235479355
-0.99907773733139
-0.99879544973373
-0.99847555160522
-0.99811810255051
-0.99772304296494
-0.99729043245316
-0.99682027101517
-0.99631261825562
-0.99576741456985
-0.99518471956253
-0.99456459283829
-0.99390697479248
-0.99321192502975
-0.9924795627594
-0.99170976877213
-0.99090266227722
-0.99005818367004
-0.98917651176453
-0.98825758695602
-0.98730140924454
-0.98630809783936
-0.98527765274048
-0.98421007394791
-0.98310548067093
-0.98196387290955
-0.98078525066376
-0.9795697927475
-0.97831737995148
-0.97702813148499
-0.97570210695267
-0.97433936595917
-0.97293996810913
-0.97150391340256
-0.97003126144409
-0.96852207183838
-0.96697646379471
-0.96539443731308
-0.96377605199814
-0.96212142705917
-0.96043050289154
-0.95870345830917
-0.95694035291672
-0.95514118671417
-0.95330601930618
-0.95143502950668
-0.94952815771103
-0.94758558273315
-0.94560730457306
-0.94359344244003
-0.94154405593872
-0.93945920467377
-0.93733900785446
-0.93518352508545
-0.93299281597137
-0.93076694011688
-0.92850607633591
-0.92621022462845
-0.9238795042038
-0.92151403427124
-0.91911387443542
-0.91667908430099
-0.91420978307724
-0.9117060303688
-0.90916800498962
-0.9065957069397
-0.90398931503296
-0.90134882926941
-0.89867448806763
-0.89596623182297
-0.89322429895401
-0.8904487490654
-0.88763964176178
-0.88479709625244
-0.88192129135132
-0.87901222705841
-0.87607008218765
-0.87309497594833
-0.8700869679451
-0.86704623699188
-0.86397284269333
-0.86086696386337
-0.85772860050201
-0.85455799102783
-0.85135519504547
-0.84812033176422
-0.84485357999802
-0.8415549993515
-0.83822470903397
-0.83486288785934
-0.83146959543228
-0.82804507017136
-0.82458931207657
-0.82110249996185
-0.81758481264114
-0.81403630971909
-0.81045717000961
-0.80684757232666
-0.80320751667023
-0.79953724145889
-0.79583692550659
-0.79210656881332
-0.78834640979767
-0.78455656766891
-0.780737221241
-0.77688848972321
-0.77301043272018
-0.76910334825516
-0.76516723632812
-0.76120239496231
-0.75720882415771
-0.75318682193756
-0.74913638830185
-0.74505776166916
-0.74095112085342
-0.73681658506393
-0.73265427350998
-0.72846436500549
-0.72424709796906
-0.72000253200531
-0.71573084592819
-0.71143221855164
-0.70710676908493
-0.70275473594666
-0.6983762383461
-0.6939714550972
-0.68954056501389
-0.68508368730545
-0.68060100078583
-0.67609268426895
-0.6715589761734
-0.66699993610382
-0.66241580247879
-0.6578066945076
-0.65317285060883
-0.64851438999176
-0.64383155107498
-0.63912445306778
-0.63439327478409
-0.62963825464249
-0.62485951185226
-0.62005722522736
-0.6152315735817
-0.61038279533386
-0.60551106929779
-0.60061645507812
-0.59569931030273
-0.59075969457626
-0.58579784631729
-0.58081394433975
-0.57580816745758
-0.57078075408936
-0.56573182344437
-0.56066155433655
-0.55557024478912
-0.55045795440674
-0.54532498121262
-0.54017144441605
-0.53499764204025
-0.52980363368988
-0.52458965778351
-0.51935601234436
-0.51410275697708
-0.50883013010025
-0.50353837013245
-0.4982276558876
-0.49289819598198
-0.48755016922951
-0.48218378424644
-0.47679921984673
-0.47139674425125
-0.46597650647163
-0.46053871512413
-0.455083578825
-0.44961133599281
-0.44412213563919
-0.43861624598503
-0.43309381604195
-0.42755508422852
-0.422000259161
-0.41642954945564
-0.41084316372871
-0.40524131059647
-0.39962419867516
-0.39399203658104
-0.38834503293037
-0.38268342614174
-0.37700742483139
-0.37131720781326
-0.36561298370361
-0.35989505052567
-0.35416352748871
-0.34841868281364
-0.34266072511673
-0.33688986301422
-0.33110630512238
-0.32531028985977
-0.31950202584267
-0.31368175148964
-0.30784964561462
-0.3020059466362
-0.29615089297295
-0.2902846634388
-0.28440752625465
-0.27851969003677
-0.27262136340141
-0.26671275496483
-0.2607941031456
-0.2548656463623
-0.24892760813236
-0.24298018217087
-0.2370236068964
-0.23105810582638
-0.22508391737938
-0.2191012352705
-0.21311031281948
-0.20711137354374
-0.20110464096069
-0.1950903236866
-0.18906866014004
-0.18303988873959
-0.1770042181015
-0.17096188664436
-0.16491311788559
-0.15885815024376
-0.15279719233513
-0.14673046767712
-0.14065824449062
-0.13458070158958
-0.1284981071949
-0.12241067737341
-0.11631862819195
-0.11022220551968
-0.10412163287401
-0.098017141222954
-0.09190895408392
-0.085797309875488
-0.079682439565659
-0.073564566671848
-0.067443922162056
-0.06132073700428
-0.055195245891809
-0.049067676067352
-0.042938258498907
-0.036807224154472
-0.030674804002047
-0.024541229009628
-0.018406730145216
-0.012271538376808
-0.0061358846724033
