-0.975000	
-0.950000	
-0.925000	
-0.900000	
-0.875000	
-0.850000	
-0.825000	
-0.800000	
-0.775000	
-0.750000	
-0.725000	
-0.700000	
-0.675000	
-0.650000	
-0.625000	
-0.600000	
-0.575000	
-0.550000	
-0.525000	
-0.500000	
-0.475000	
-0.450000	
-0.425000	
-0.400000	
-0.375000	
-0.350000	
-0.325000	
-0.300000	
-0.275000	
-0.250000	
-0.225000	
-0.200000	
-0.175000	
-0.150000	
-0.125000	
-0.100000	
-0.075000	
-0.050000	
-0.025000	
-0.000000	
0.025000	
0.050000	
0.075000	
0.100000	
0.125000	
0.149999	
0.174999	
0.199999	
0.224999	
0.249999	
0.274999	
0.299999	
0.324999	
0.349999	
0.374999	
0.399999	
0.424999	
0.449999	
0.474999	
0.499999	
0.524999	
0.549999	
0.574999	
0.599999	
0.624999	
0.649999	
0.674999	
0.699999	
0.724999	
0.749999	
0.774999	
0.799999	
0.824999	
0.849999	
0.874999	
0.899999	
0.924999	
0.949999	
0.974999	
0.999999	
-0.975001	
-0.950001	
-0.925001	
-0.900001	
-0.875001	
-0.850001	
-0.825001	
-0.800001	
-0.775001	
-0.750001	
-0.725001	
-0.700001	
-0.675001	
-0.650001	
-0.625001	
-0.600001	
-0.575001	
-0.550001	
-0.525001	
-0.500001	
-0.475001	
-0.450001	
-0.425001	
-0.400001	
-0.375001	
-0.350001	
-0.325001	
-0.300001	
-0.275001	
-0.250001	
-0.225002	
-0.200002	
-0.175002	
-0.150002	
-0.125002	
-0.100002	
-0.075002	
-0.050002	
-0.025002	
-0.000002	
0.024998	
0.049998	
0.074998	
0.099998	
0.124998	
0.149998	
0.174998	
0.199998	
0.224998	
0.249998	
0.274998	
0.299998	
0.324998	
0.349998	
0.374998	
0.399998	
0.424998	
0.449998	
0.474998	
0.499998	
0.524998	
0.549998	
0.574998	
0.599998	
0.624998	
0.649998	
0.674998	
0.699998	
0.724998	
0.749998	
0.774998	
0.799998	
0.824998	
0.849998	
0.874997	
0.899997	
0.924997	
0.949997	
0.974997	
0.999997	
-0.975003	
-0.950003	
-0.925003	
-0.900003	
-0.875003	
-0.850003	
-0.825003	
-0.800003	
-0.775002	
-0.750003	
-0.725003	
-0.700002	
-0.675002	
-0.650002	
-0.625003	
-0.600002	
-0.575002	
-0.550002	
-0.525002	
-0.500002	
-0.475002	
-0.450002	
-0.425003	
-0.400003	
-0.375003	
-0.350003	
-0.325003	
-0.300003	
-0.275003	
-0.250003	
-0.225003	
-0.200003	
-0.175003	
-0.150003	
-0.125003	
-0.100003	
-0.075003	
-0.050003	
-0.025003	
-0.000003	
0.024997	
0.049997	
0.074997	
0.099997	
0.124997	
0.149997	
0.174997	
0.199997	
0.224997	
0.249997	
0.274997	
0.299997	
0.324997	
0.349997	
0.374997	
0.399997	
0.424997	
0.449997	
0.474997	
0.499997	
0.524997	
0.549997	
0.574997	
0.599997	
0.624997	
0.649997	
0.674996	
0.699996	
0.724996	
0.749996	
0.774996	
0.799996	
0.824996	
0.849996	
0.874996	
0.899996	
0.924996	
0.949996	
0.974996	
0.999996	
-0.975004	
-0.950004	
-0.925004	
-0.900004	
-0.875004	
-0.850004	
-0.825004	
-0.800004	
-0.775004	
-0.750004	
-0.725004	
-0.700004	
-0.675004	
-0.650004	
-0.625004	
-0.600004	
-0.575004	
-0.550004	
-0.525004	
-0.500004	
-0.475004	
-0.450004	
-0.425004	
-0.400004	
-0.375004	
-0.350004	
-0.325004	
-0.300004	
-0.275004	
-0.250004	
-0.225004	
-0.200004	
-0.175004	
-0.150004	
-0.125004	
-0.100004	
-0.075004	
-0.050004	
-0.025004	
-0.000004	
0.024996	
0.049996	
0.074996	
0.099996	
0.124996	
0.149996	
0.174996	
0.199996	
0.224996	
0.249996	
0.274996	
0.299996	
0.324996	
0.349996	
0.374996	
0.399996	
0.424996	
0.449996	
0.474995	
0.499995	
0.524995	
0.549995	
0.574995	
0.599995	
0.624995	
0.649995	
0.674995	
0.699995	
0.724995	
0.749995	
0.774995	
0.799995	
0.824995	
0.849995	
0.874995	
0.899995	
0.924995	
0.949995	
0.974995	
0.999995	
-0.975005	
-0.950005	
-0.925005	
-0.900005	
-0.875005	
-0.850005	
-0.825005	
-0.800005	
-0.775005	
-0.750005	
-0.725005	
-0.700005	
-0.675005	
-0.650005	
-0.625005	
-0.600005	
-0.575005	
-0.550005	
-0.525005	
-0.500005	
-0.475005	
-0.450005	
-0.425005	
-0.400005	
-0.375005	
-0.350005	
-0.325005	
-0.300005	
-0.275005	
-0.250005	
-0.225005	
-0.200005	
-0.175005	
-0.150005	
-0.125005	
-0.100005	
-0.075005	
-0.050005	
-0.025005	
-0.000005	
0.024995	
0.049995	
0.074995	
0.099995	
0.124995	
0.149995	
0.174995	
0.199995	
0.224995	
0.249995	
0.274994	
0.299994	
0.324994	
0.349994	
0.374994	
0.399994	
0.424994	
0.449994	
0.474994	
0.499994	
0.524994	
0.549994	
0.574994	
0.599994	
0.624994	
0.649994	
0.674994	
0.699994	
0.724994	
0.749994	
0.774994	
0.799994	
0.824994	
0.849994	
0.874994	
0.899994	
0.924994	
0.949994	
0.974994	
0.999994	
-0.975006	
-0.950006	
-0.925006	
-0.900006	
-0.875006	
-0.850006	
-0.825006	
-0.800006	
-0.775006	
-0.750006	
-0.725006	
-0.700006	
-0.675006	
-0.650006	
-0.625006	
-0.600006	
-0.575006	
-0.550006	
-0.525006	
-0.500006	
-0.475006	
-0.450006	
-0.425006	
-0.400006	
-0.375006	
-0.350006	
-0.325006	
-0.300006	
-0.275006	
-0.250006	
-0.225006	
-0.200006	
-0.175006	
-0.150006	
-0.125006	
-0.100006	
-0.075006	
-0.050006	
-0.025006	
-0.000006	
0.024994	
0.049994	
0.074993	
0.099993	
0.124993	
0.149993	
0.174993	
0.199993	
0.224993	
0.249993	
0.274993	
0.299993	
0.324993	
0.349993	
0.374993	
0.399993	
0.424993	
0.449993	
0.474993	
0.499993	
0.524993	
0.549993	
0.574993	
0.599993	
0.624993	
0.649993	
0.674993	
0.699993	
0.724993	
0.749993	
0.774993	
0.799993	
0.824993	
0.849993	
0.874993	
0.899993	
0.924993	
0.949993	
0.974993	
0.999993	
-0.975007	
-0.950007	
-0.925007	
-0.900007	
-0.875007	
-0.850007	
-0.825007	
-0.800007	
-0.775007	
-0.750007	
-0.725007	
-0.700007	
-0.675007	
-0.650007	
-0.625007	
-0.600007	
-0.575007	
-0.550007	
-0.525007	
-0.500007	
-0.475007	
-0.450007	
-0.425007	
-0.400007	
-0.375007	
-0.350007	
-0.325007	
-0.300007	
-0.275007	
-0.250007	
-0.225007	
-0.200007	
-0.175008	
-0.150008	
-0.125008	
-0.100008	
-0.075008	
-0.050008	
-0.025008	
-0.000008	
0.024992	
0.049992	
0.074992	
0.099992	
0.124992	
0.149992	
0.174992	
0.199992	
0.224992	
0.249992	
0.274992	
0.299992	
0.324992	
0.349992	
0.374992	
0.399992	
0.424992	
0.449992	
0.474992	
0.499992	
0.524992	
0.549992	
0.574992	
0.599992	
0.624992	
0.649992	
0.674992	
0.699992	
0.724992	
0.749992	
0.774992	
0.799992	
0.824992	
0.849992	
0.874992	
0.899992	
0.924991	
0.949991	
0.974991	
0.999991	
-0.975008	
-0.950009	
-0.925008	
-0.900008	
-0.875008	
-0.850008	
-0.825009	
-0.800008	
-0.775008	
-0.750008	
-0.725008	
-0.700008	
-0.675008	
-0.650008	
-0.625008	
-0.600008	
-0.575008	
-0.550008	
-0.525008	
-0.500008	
-0.475008	
-0.450008	
-0.425008	
-0.400008	
-0.375009	
-0.350009	
-0.325009	
-0.300009	
-0.275009	
-0.250009	
-0.225009	
-0.200009	
-0.175009	
-0.150009	
-0.125009	
-0.100009	
-0.075009	
-0.050009	
-0.025009	
-0.000009	
0.024991	
0.049991	
0.074991	
0.099991	
0.124991	
0.149991	
0.174991	
0.199991	
0.224991	
0.249991	
0.274991	
0.299991	
0.324991	
0.349991	
0.374991	
0.399991	
0.424991	
0.449991	
0.474991	
0.499991	
0.524991	
0.549991	
0.574991	
0.599991	
0.624991	
0.649991	
0.674991	
0.699991	
0.724990	
0.749990	
0.774990	
0.799990	
0.824990	
0.849990	
0.874990	
0.899990	
0.924990	
0.949990	
0.974990	
0.999990	
-0.975010	
-0.950010	
-0.925010	
-0.900010	
-0.875010	
-0.850010	
-0.825010	
-0.800010	
-0.775010	
-0.750010	
-0.725010	
-0.700010	
-0.675010	
-0.650010	
-0.625010	
-0.600010	
-0.575010	
-0.550010	
-0.525010	
-0.500010	
-0.475010	
-0.450010	
-0.425010	
-0.400010	
-0.375010	
-0.350010	
-0.325010	
-0.300010	
-0.275010	
-0.250010	
-0.225010	
-0.200010	
-0.175010	
-0.150010	
-0.125010	
-0.100010	
-0.075010	
-0.050010	
-0.025010	
-0.000010	
0.024990	
0.049990	
0.074990	
0.099990	
0.124990	
0.149990	
0.174990	
0.199990	
0.224990	
0.249990	
0.274990	
0.299990	
0.324990	
0.349990	
0.374990	
0.399990	
0.424990	
0.449990	
0.474990	
0.499990	
0.524989	
0.549989	
0.574989	
0.599989	
0.624989	
0.649989	
0.674989	
0.699989	
0.724989	
0.749989	
0.774989	
0.799989	
0.824989	
0.849989	
0.874989	
0.899989	
0.924989	
0.949989	
0.974989	
0.999989	
-0.975011	
-0.950011	
-0.925011	
-0.900011	
-0.875011	
-0.850011	
-0.825011	
-0.800011	
-0.775011	
-0.750011	
-0.725011	
-0.700011	
-0.675011	
-0.650011	
-0.625011	
-0.600011	
-0.575011	
-0.550011	
-0.525011	
-0.500011	
-0.475011	
-0.450011	
-0.425011	
-0.400011	
-0.375011	
-0.350011	
-0.325011	
-0.300011	
-0.275011	
-0.250011	
-0.225011	
-0.200011	
-0.175011	
-0.150011	
-0.125011	
-0.100011	
-0.075011	
-0.050011	
-0.025011	
-0.000011	
0.024989	
0.049989	
0.074989	
0.099989	
0.124989	
0.149989	
0.174989	
0.199989	
0.224989	
0.249989	
0.274989	
0.299989	
0.324988	
0.349988	
0.374988	
0.399988	
0.424988	
0.449988	
0.474988	
0.499988	
0.524988	
0.549988	
0.574988	
0.599988	
0.624988	
0.649988	
0.674988	
0.699988	
0.724988	
0.749988	
0.774988	
0.799988	
0.824988	
0.849988	
0.874988	
0.899988	
0.924988	
0.949988	
0.974988	
0.999988	
-0.975012	
-0.950012	
-0.925012	
-0.900012	
-0.875012	
-0.850012	
-0.825012	
-0.800012	
-0.775012	
-0.750012	
-0.725012	
-0.700012	
-0.675012	
-0.650012	
-0.625012	
-0.600012	
-0.575012	
-0.550012	
-0.525012	
-0.500012	
-0.475012	
-0.450012	
-0.425012	
-0.400012	
-0.375012	
-0.350012	
-0.325012	
-0.300012	
-0.275012	
-0.250012	
-0.225012	
-0.200012	
-0.175012	
-0.150012	
-0.125012	
-0.100012	
-0.075012	
-0.050012	
-0.025012	
-0.000012	
0.024988	
0.049988	
0.074988	
0.099988	
0.124987	
0.149987	
0.174987	
0.199987	
0.224987	
0.249987	
0.274987	
0.299987	
0.324987	
0.349987	
0.374987	
0.399987	
0.424987	
0.449987	
0.474987	
0.499987	
0.524987	
0.549987	
0.574987	
0.599987	
0.624987	
0.649987	
0.674987	
0.699987	
0.724987	
0.749987	
0.774987	
0.799987	
0.824987	
0.849987	
0.874987	
0.899987	
0.924987	
0.949987	
0.974987	
0.999987	
-0.975013	
-0.950013	
-0.925013	
-0.900013	
-0.875013	
-0.850013	
-0.825013	
-0.800013	
-0.775013	
-0.750013	
-0.725013	
-0.700013	
-0.675013	
-0.650013	
-0.625013	
-0.600013	
-0.575013	
-0.550013	
-0.525013	
-0.500013	
-0.475013	
-0.450013	
-0.425013	
-0.400013	
-0.375013	
-0.350013	
-0.325013	
-0.300013	
-0.275013	
-0.250013	
-0.225013	
-0.200013	
-0.175013	
-0.150014	
-0.125014	
-0.100014	
-0.075014	
-0.050014	
-0.025014	
-0.000014	
0.024986	
0.049986	
0.074986	
0.099986	
0.124986	
0.149986	
0.174986	
0.199986	
0.224986	
0.249986	
0.274986	
0.299986	
0.324986	
0.349986	
0.374986	
0.399986	
0.424986	
0.449986	
0.474986	
0.499986	
0.524986	
0.549986	
0.574986	
0.599986	
0.624986	
0.649986	
0.674986	
0.699986	
0.724986	
0.749986	
0.774986	
0.799986	
0.824986	
0.849986	
0.874986	
0.899986	
0.924986	
0.949986	
0.974985	
0.999985	
-0.975014	
-0.950014	
-0.925014	
-0.900014	
-0.875014	
-0.850014	
-0.825014	
-0.800014	
-0.775014	
-0.750014	
-0.725014	
-0.700014	
-0.675014	
-0.650014	
-0.625014	
-0.600014	
-0.575014	
-0.550014	
-0.525014	
-0.500014	
-0.475014	
-0.450014	
-0.425014	
-0.400014	
-0.375014	
-0.350015	
-0.325015	
-0.300015	
-0.275015	
-0.250015	
-0.225015	
-0.200015	
-0.175015	
-0.150015	
-0.125015	
-0.100015	
-0.075015	
-0.050015	
-0.025015	
-0.000015	
0.024985	
0.049985	
0.074985	
0.099985	
0.124985	
0.149985	
0.174985	
0.199985	
0.224985	
0.249985	
0.274985	
0.299985	
0.324985	
0.349985	
0.374985	
0.399985	
0.424985	
0.449985	
0.474985	
0.499985	
0.524985	
0.549985	
0.574985	
0.599985	
