0 0
10 -0.10725107172644
21 -0.21209019443052
32 -0.31241567622817
43 -0.40665336654769
53 -0.49383444629795
64 -0.57355093578651
75 -0.64583724119335
86 -0.7110317786045
96 -0.76965191124317
107 -0.82229790596957
118 -0.86958787682748
129 -0.91211770319697
139 -0.95043903877548
150 -0.98504960186535
161 -1.0163917601845
172 -1.0448537839459
183 -1.0707750053264
193 -1.0944505520869
204 -1.1161368558367
215 -1.1360563297886
226 -1.1544025647586
236 -1.1713437262304
247 -1.1870267991766
258 -1.2015797408071
269 -1.215115234659
279 -1.2277317253847
290 -1.2395160408911
301 -1.2505450939774
312 -1.2608866928435
322 -1.2706013598996
333 -1.279742447321
344 -1.2883577897621
355 -1.2964911226411
366 -1.3041800870928
376 -1.3114594110311
387 -1.3183604057991
398 -1.3249111312625
409 -1.3311371309459
419 -1.3370615068133
430 -1.3427052023363
441 -1.3480876813292
452 -1.3532259324251
462 -1.3581362416603
473 -1.3628333370369
484 -1.3673302189677
495 -1.3716395625416
506 -1.3757726986657
516 -1.3797398508338
527 -1.3835511300916
538 -1.3872151217651
549 -1.3907402336497
559 -1.3941342438492
570 -1.3974037828422
581 -1.4005559635527
592 -1.4035969047816
602 -1.4065322938493
613 -1.4093674535243
624 -1.4121073688866
635 -1.4147566184852
645 -1.4173198210836
656 -1.4198009856518
667 -1.4222039507132
678 -1.424532323205
689 -1.4267890632166
699 -1.4289788080544
710 -1.4311029551567
721 -1.4331651917809
732 -1.4351676051164
742 -1.4371133104139
753 -1.4390045409796
764 -1.4408433171584
775 -1.4426318242979
785 -1.4443723215647
796 -1.446066583888
807 -1.4477163726758
818 -1.4493233662456
829 -1.4508894306655
839 -1.452415983706
850 -1.4539041783306
861 -1.4553559020693
872 -1.4567722096269
882 -1.458154527389
893 -1.4595039628074
904 -1.4608218873239
915 -1.4621089129318
925 -1.4633664898317
936 -1.4645956206903
947 -1.4657970917651
958 -1.4669720005724
968 -1.468121033265
979 -1.4692450498512
990 -1.4703453053516
1001 -1.4714217609737
1012 -1.4724754521263
1022 -1.4735077280404
1033 -1.4745187931826
1044 -1.4755085619863
1055 -1.4764784093817
1065 -1.4774294051739
1076 -1.4783612208845
1087 -1.4792748486877
1098 -1.4801707235187
1108 -1.4810495918471
1119 -1.4819116804332
1130 -1.4827573187819
1141 -1.4835872937973
1152 -1.4844017773158
1162 -1.4852017277491
1173 -1.4859866395935
1184 -1.4867576177282
1195 -1.4875147544951
1205 -1.488259190836
1216 -1.4889894661277
1227 -1.4897072088474
1238 -1.4904129299712
1248 -1.4911068298384
1259 -1.4917883270741
1270 -1.492458912439
1281 -1.4931183158135
1291 -1.493766598362
1302 -1.4944042269423
1313 -1.4950316964441
1324 -1.4956490095265
1335 -1.4962562715284
1345 -1.4968541386461
1356 -1.497442329468
1367 -1.498021474879
1378 -1.4985930531577
1388 -1.4991532807902
1399 -1.4997062421802
1410 -1.5002505942868
1421 -1.500786889625
1431 -1.5013151367497
1442 -1.5018356043976
1453 -1.502348535353
1464 -1.5028537785115
1475 -1.5033520421047
1485 -1.5038430776369
1496 -1.5043267399521
1507 -1.504803436175
1518 -1.5052738579829
1528 -1.505737819129
1539 -1.5061949461823
1550 -1.5066464169946
1561 -1.5070907589044
1571 -1.507529485035
1582 -1.5079624909319
1593 -1.5083895020439
1604 -1.5088109302262
1614 -1.5092267909366
1625 -1.5096371803776
1636 -1.5100425001511
1647 -1.5104420190235
1658 -1.5108366000378
1668 -1.5112260761434
1679 -1.5116106373797
1690 -1.5119903361085
1701 -1.5123654126847
1711 -1.5127354509083
1722 -1.5131007032769
1733 -1.5134625460893
1744 -1.5138195354305
1754 -1.5141718069933
1765 -1.514519824767
1776 -1.5148639247682
1787 -1.5152038107009
1798 -1.5155395749523
1808 -1.5158705739177
1819 -1.5161993575413
1830 -1.5165236311305
1841 -1.5168439034452
1851 -1.5171604756323
1862 -1.5174738899206
1873 -1.5177832239421
1884 -1.5180891280539
1894 -1.5183908171005
1905 -1.5186911281132
1916 -1.5189866348841
1927 -1.5192792709697
1937 -1.5195683773983
1948 -1.5198549714024
1959 -1.5201380536723
1970 -1.5204179613984
1981 -1.5206943766817
1991 -1.5209687009255
2002 -1.521239827732
2013 -1.5215078690533
2024 -1.5217733281827
2034 -1.522036254244
2045 -1.5222956534896
2056 -1.5225531236742
2067 -1.5228092684471
2077 -1.5230595318184
2088 -1.5233090063142
2099 -1.5235557481181
2110 -1.5237995677738
2121 -1.5240416677699
2131 -1.5242811042143
2142 -1.5245184846916
2153 -1.5247529189292
2164 -1.5249855014572
2174 -1.5252159606554
2185 -1.5254436329918
2196 -1.5256687689583
2207 -1.5258924757572
2217 -1.5261138728732
2228 -1.5263329558851
2239 -1.5265503539849
2250 -1.5267653534142
2260 -1.5269782106519
2271 -1.5271894852766
2282 -1.5273986141707
2293 -1.5276056120786
2304 -1.5278106261418
2314 -1.528014310398
2325 -1.5282166777855
2336 -1.5284153136823
2347 -1.5286128507363
2357 -1.5288090506444
2368 -1.5290030482229
2379 -1.5291958443865
2390 -1.5293867869034
2400 -1.5295757157285
2411 -1.5297624847496
2422 -1.5299487595487
2433 -1.530133233542
2444 -1.5303158406469
2454 -1.5304968884325
2465 -1.5306761143275
2476 -1.5308537299644
2487 -1.5310301481088
2497 -1.5312045999515
2508 -1.5313786994278
2519 -1.5315506242208
2530 -1.5317213364218
2540 -1.531890890481
2551 -1.5320578419797
2562 -1.5322242006458
2573 -1.5323892656044
2583 -1.5325536420681
2594 -1.5327150535105
2605 -1.5328755125952
2616 -1.5330351193275
2627 -1.5331941720082
2637 -1.5333504901665
2648 -1.5335058888653
2659 -1.5336603300633
2670 -1.5338138219731
2680 -1.5339656488205
2691 -1.5341160594671
2702 -1.5342662660409
2713 -1.5344149648864
2723 -1.5345616931872
2734 -1.5347075681063
2745 -1.5348533356461
2756 -1.5350041113748
2767 -1.5351399982954
2777 -1.535282133311
2788 -1.5354223172279
2799 -1.5355612690934
2810 -1.5357011406719
2820 -1.5358382380346
2831 -1.5359742785811
2842 -1.5361084392036
2853 -1.5362442953249
2863 -1.5363771393983
2874 -1.5365103061465
2885 -1.5366414922836
2896 -1.5367721330628
2906 -1.5369021873907
2917 -1.5370310562634
2928 -1.5371596807238
2939 -1.5372849293011
2950 -1.5374107973653
2960 -1.5375357659055
2971 -1.5376594388836
2982 -1.5377831696026
2993 -1.5379053217905
3003 -1.5380269988473
3014 -1.5381473588955
3025 -1.5382671000275
3036 -1.5383860863874
3046 -1.5385042176499
3057 -1.5386211967844
3068 -1.538738314408
3079 -1.5388548229147
3090 -1.538968681809
3100 -1.5390809287522
3111 -1.5391957870662
3122 -1.5393082575784
3133 -1.5394203609064
3143 -1.5395311813646
3154 -1.5396418559512
3165 -1.5397515191287
3176 -1.5398601085671
3186 -1.5399697332138
3197 -1.5400754611296
3208 -1.5401821079218
3219 -1.5402879671475
3229 -1.540393082939
3240 -1.5404981277113
3251 -1.5406021087822
3262 -1.5407050753601
3273 -1.5408065397071
3283 -1.5409094881751
3294 -1.5410108627474
3305 -1.541111384726
3316 -1.5412113401156
3326 -1.5413108074201
3337 -1.5414100672685
3348 -1.5415076503206
3359 -1.5416059580193
3369 -1.5417024901486
3380 -1.5417982779898
3391 -1.5418941843427
3402 -1.541989423815
3413 -1.5420834477321
3423 -1.5421775774639
3434 -1.5422708095776
3445 -1.5423675272717
3456 -1.5424558156173
3466 -1.5425480261609
3477 -1.5426388234551
3488 -1.5427283237022
3499 -1.5428189847941
3509 -1.5429081425317
3520 -1.542997366239
3531 -1.5430848079659
3542 -1.5431731246546
3552 -1.5432610978488
3563 -1.5433477640346
3574 -1.5434328803291
3585 -1.5435201784377
3596 -1.5436056529642
3606 -1.5436901112893
3617 -1.5437745779866
3628 -1.543858023614
3639 -1.5439409805529
3649 -1.5440243161996
3660 -1.5441065430849
3671 -1.5441886540124
3682 -1.5442705396969
3692 -1.5443508441494
3703 -1.5444310476572
3714 -1.5445111783992
3725 -1.5445913668073
3736 -1.5446702931039
3746 -1.5447487048915
3757 -1.5448275283218
3768 -1.5449056355516
3779 -1.5449825475644
3789 -1.5450592357424
3800 -1.5451358535783
3811 -1.5452128195323
3822 -1.5452880143861
3832 -1.5453638741633
3843 -1.5454381349747
3854 -1.5455124004351
3865 -1.5455864481805
3875 -1.5456597775956
3886 -1.5457333676312
3897 -1.54580605236
3908 -1.5458789875834
3919 -1.5459511990688
3929 -1.5460231385668
3940 -1.5460944602395
3951 -1.5461651902923
3962 -1.5462375281763
3972 -1.5463060306235
3983 -1.5463754806895
3994 -1.5464453788287
4005 -1.546513727875
4015 -1.546582784078
4026 -1.5466511311309
4037 -1.5467193398592
4048 -1.5467881999252
4059 -1.546854053807
4069 -1.5469214360296
4080 -1.5469884313802
4091 -1.5470551461859
4102 -1.547119896726
4112 -1.5471857913763
4123 -1.5472512790774
4134 -1.5473166585207
4145 -1.5473808021976
4155 -1.5474444490755
4166 -1.5475092727807
4177 -1.5475728033667
4188 -1.5476364993647
4198 -1.5476991587838
4209 -1.5477620950078
4220 -1.5478234515732
4231 -1.5478866397676
4242 -1.5479479281923
4252 -1.5480099748686
4263 -1.5480714805594
4274 -1.5481325236762
4285 -1.5481921299673
4295 -1.5482525061945
4306 -1.5483109315118
4317 -1.548372400726
4328 -1.5484323811447
4338 -1.548491256852
4349 -1.5485512863423
4360 -1.5486086575029
4371 -1.5486668591023
4382 -1.5487253651645
4392 -1.5487819370015
4403 -1.5488404121636
4414 -1.548897288671
4425 -1.5489543803962
4435 -1.5490126063657
4446 -1.5490677283114
4457 -1.5491241579979
4468 -1.5491793559627
4478 -1.5492374248296
4489 -1.549290836731
4500 -1.5493455190993
4511 -1.5494003049601
4521 -1.5494546482097
4532 -1.5495093868197
4543 -1.5495641426788
4554 -1.5496173158406
4565 -1.549671122438
4575 -1.5497247712028
4586 -1.5497777940551
4597 -1.549830306192
4608 -1.5498819821263
4618 -1.5499351732445
4629 -1.5499881002861
4640 -1.5500393327287
4651 -1.5500938959305
4661 -1.5501429533856
4672 -1.5501939314645
4683 -1.5502452043976
4694 -1.5502959084621
4705 -1.550346686464
4715 -1.5503976647667
4726 -1.5504476008934
4737 -1.5504966096674
4748 -1.550546238559
4758 -1.550595834303
4769 -1.5506455009879
4780 -1.5506951119475
4791 -1.5507433531786
4801 -1.5507931299585
4812 -1.5508405114872
4823 -1.5508846105378
4834 -1.5509371926919
4844 -1.5509849836469
4855 -1.5510325178982
4866 -1.5510800120552
4877 -1.5511267848274
4888 -1.5511739950183
4898 -1.5512204794371
4909 -1.5512661042622
4920 -1.5513137772046
4931 -1.5513604964544
4941 -1.5514061310523
4952 -1.5514526399882
4963 -1.55149778572
4974 -1.5515425552338
4984 -1.5515885451693
4995 -1.5516345028339
5006 -1.5516782279779
5017 -1.5517232727606
5028 -1.5517681530645
5038 -1.5518120358926
5049 -1.5518560251787
5060 -1.551899982726
5071 -1.5519444222272
5081 -1.5519898124449
5092 -1.5520313232681
5103 -1.5520744854854
5114 -1.5521172996983
5124 -1.5521595114317
5135 -1.5522031192033
5146 -1.5522458774155
5157 -1.5522883364748
5167 -1.5523296073333
5178 -1.5523726516883
5189 -1.5524139997188
5200 -1.5524565767975
5211 -1.5524982416289
5221 -1.5525393155256
5232 -1.5525800255544
5243 -1.5526215053682
5254 -1.5526649758167
5264 -1.5527025958666
5275 -1.5527436684212
5286 -1.5527846777514
5297 -1.5528254396164
5307 -1.5528653863224
5318 -1.5529037539374
5329 -1.5529439494424
5340 -1.5529828729475
5351 -1.5530238028367
5361 -1.5530639239568
5372 -1.5531022312349
5383 -1.5531415740234
5394 -1.5531803113221
5404 -1.5532178137517
5415 -1.5532577529049
5426 -1.5532933768197
5437 -1.5533336213414
5447 -1.5533731802554
5458 -1.5534116694854
5469 -1.5534475334375
5480 -1.5534860564809
5490 -1.5535262322978
5501 -1.5535613941109
5512 -1.5535993421265
5523 -1.5536359095546
5534 -1.5536738795643
5544 -1.5537098304379
5555 -1.5537475344573
5566 -1.5537848981199
5577 -1.5538207488558
5587 -1.5538567803675
5598 -1.5538952233761
5609 -1.5539299583569
5620 -1.5539656638828
5630 -1.5540016536253
5641 -1.5540370577023
5652 -1.5540733674824
5663 -1.5541081458019
5673 -1.554144057875
5684 -1.5541785966927
5695 -1.5542138515848
5706 -1.5542496458679
5717 -1.5542840720408
5727 -1.5543191502021
5738 -1.5543530462604
5749 -1.5543885093966
5760 -1.5544229367221
5770 -1.5544580301132
5781 -1.5544902733668
5792 -1.5545241656528
5803 -1.5545585411478
5813 -1.5545917269247
5824 -1.5546253321082
5835 -1.554658954271
5846 -1.5546928880899
5857 -1.5547280783546
5867 -1.5547600906294
5878 -1.5547919437268
5889 -1.5548259668586
5900 -1.5548580516488
5910 -1.554891031034
5921 -1.5549229780065
5932 -1.5549562638421
5943 -1.5549890609032
5953 -1.5550212519456
5964 -1.5550532206027
5975 -1.555085515753
5986 -1.5551167987908
5996 -1.5551491093319
6007 -1.5551810072261
6018 -1.5552135653945
6029 -1.5552467956562
6040 -1.5552762410108
6050 -1.5553074249146
6061 -1.5553383871229
6072 -1.5553698910324
6083 -1.5554005585217
6093 -1.555430409961
6104 -1.5554633553993
6115 -1.555494369559
6126 -1.5555233292684
6136 -1.5555545384678
6147 -1.5555849424675
6158 -1.5556137609851
6169 -1.5556450750442
6180 -1.5556762738483
6190 -1.5557055133257
6201 -1.5557283909316
6212 -1.5557649758302
6223 -1.5557948115202
6233 -1.5558249799268
6244 -1.5558538787765
6255 -1.5558833131921
6266 -1.5559127270308
6276 -1.5559423410056
6287 -1.555971317021
6298 -1.5560007758155
6309 -1.5560307083147
6319 -1.5560581531753
6330 -1.5560869668392
6341 -1.5561158857992
6352 -1.556143816462
6363 -1.5561730828366
6373 -1.55620094714
6384 -1.5562295780552
6395 -1.5562562850183
6406 -1.5562862842068
6416 -1.5563140648485
6427 -1.5563419826034
6438 -1.5563707574645
6449 -1.5563974698462
6459 -1.5564265394686
6470 -1.5564532201792
6481 -1.5564798095923
6492 -1.5565084326226
6503 -1.5565337233719
6513 -1.5565626259328
6524 -1.5565905984866
6535 -1.5566178774478
6546 -1.5566465559992
6556 -1.5566718341013
6567 -1.5566979981226
6578 -1.5567256494664
6589 -1.5567536365128
6599 -1.5567776029611
6610 -1.5568050792073
6621 -1.5568317680857
6632 -1.5568584752596
6642 -1.5568842375459
6653 -1.5569109233697
6664 -1.5569367566015
6675 -1.5569634824788
6686 -1.556989882694
6696 -1.5570148977339
6707 -1.5570400480239
6718 -1.5570662828824
6729 -1.5570924477023
6739 -1.5571184837397
6750 -1.5571439071378
6761 -1.5571693252935
6772 -1.557194049971
6782 -1.5572197937242
6793 -1.5572449343259
6804 -1.5572685215148
6815 -1.5572962092089
6826 -1.5573206644478
6836 -1.5573449029299
6847 -1.5573683469529
6858 -1.5573956877757
6869 -1.5574201987567
6879 -1.557444218597
6890 -1.5574868681743
6901 -1.5574938715605
6912 -1.5575186701437
6922 -1.5575427202432
6933 -1.5575653012604
6944 -1.5575921039508
6955 -1.5576159375707
6965 -1.5576401432168
6976 -1.5576629957752
6987 -1.5576885271956
6998 -1.5577113843226
7009 -1.5577354345104
7019 -1.5577584093761
7030 -1.557782878899
7041 -1.5578062083289
7052 -1.5578298207308
7062 -1.5578565516827
7073 -1.5578770657602
7084 -1.5579004564225
7095 -1.5579242317367
7105 -1.5579486015573
7116 -1.5579706880818
7127 -1.5579929024689
7138 -1.5580170827686
7149 -1.5580389088456
7159 -1.5580631990293
7170 -1.5580852236956
7181 -1.558108455561
7192 -1.5581311891634
7202 -1.5581536614888
7213 -1.558175639387
7224 -1.5581989567217
7235 -1.5582195363658
7245 -1.5582438001651
7256 -1.5582657604095
7267 -1.5582886192318
7278 -1.5583107434053
7288 -1.5583327247579
7299 -1.5583554583589
7310 -1.5583777412265
7321 -1.5583986151918
7332 -1.5584219237179
7342 -1.5584429627108
7353 -1.5584642971383
7364 -1.5584870512936
7375 -1.5585093371108
7385 -1.5585303901956
7396 -1.5585519351436
7407 -1.5585694190268
7418 -1.5585959204594
7428 -1.5586172998231
7439 -1.5586388127026
7450 -1.5586610468162
7461 -1.5586799646569
7472 -1.5587021013619
7482 -1.5587230362651
7493 -1.558742575421
7504 -1.5587650663138
7515 -1.5587861840073
7525 -1.5588081157967
7536 -1.5588297537249
7547 -1.5588494727584
7558 -1.558870456367
7568 -1.5588920208647
7579 -1.5589187297079
7590 -1.5589310017549
7601 -1.5589528364395
7611 -1.5589730013343
7622 -1.5589927273589
7633 -1.5590135246189
7644 -1.5590344106693
7655 -1.5590545526213
7665 -1.5590764494273
7676 -1.5590944151688
7687 -1.5591151696807
7698 -1.5591353563711
7708 -1.5591563555253
7719 -1.5591754795253
7730 -1.559193670576
7741 -1.5592151726025
7751 -1.5592405630011
7762 -1.559255839735
7773 -1.5592748592654
7784 -1.5592947938334
7795 -1.5593146058722
7805 -1.5593338241334
7816 -1.5593538435098
7827 -1.5593733077819
7838 -1.559394252258
7848 -1.5594117013372
7859 -1.5594307522292
7870 -1.5594508141699
7881 -1.559469749387
7891 -1.5594903371038
7902 -1.5595104703138
7913 -1.5595273973248
7924 -1.5595451045788
7934 -1.5595652081424
7945 -1.5595847474011
7956 -1.5596048463091
7967 -1.5596230194045
7978 -1.5596410849411
7988 -1.5596614997337
7999 -1.5596806885448
8010 -1.5596971371288
8021 -1.5597166249891
8031 -1.5597353201718
8042 -1.5597532301213
8053 -1.5597713713182
8064 -1.5597917011415
8074 -1.5598101974155
8085 -1.5598288885765
8096 -1.5598465838034
8107 -1.5598645092749
8118 -1.5598837552948
8128 -1.5599018210916
8139 -1.5599204237959
8150 -1.5599377470572
8161 -1.5599563419428
8171 -1.5599747481339
8182 -1.5599918483566
8193 -1.560012610501
8204 -1.5600258395409
8214 -1.5600460796849
8225 -1.56006543972
8236 -1.5600827213875
8247 -1.5600981462537
8257 -1.5601150785059
8268 -1.5601364486036
8279 -1.5601522761929
8290 -1.560169392501
8301 -1.5601878250288
8311 -1.560206627055
8322 -1.5602233749941
8333 -1.5602420647088
8344 -1.5602579335397
8354 -1.5602795617127
8365 -1.5602933488346
8376 -1.5603100292193
8387 -1.5603282024268
8397 -1.5603462665418
8408 -1.5603618344058
8419 -1.560379184409
8430 -1.5603958666911
8441 -1.5604114244223
8451 -1.5604298354306
8462 -1.5604478163291
8473 -1.5604646413286
8484 -1.5604830166604
8494 -1.560497396528
8505 -1.5605146379584
8516 -1.5605321842227
8527 -1.5605476859746
8537 -1.5605635719547
8548 -1.5605829881956
8559 -1.5605984377663
8570 -1.5606172112236
8580 -1.560632153922
8591 -1.5606500968236
8602 -1.5606647293875
8613 -1.5606854503541
8624 -1.5606973937345
8634 -1.5607154116795
8645 -1.5607313470879
8656 -1.5607477943953
8667 -1.5607631365851
8677 -1.5607798704973
8688 -1.5607959979563
8699 -1.5608109631951
8710 -1.5608293806097
8720 -1.5608436535724
8731 -1.5608606565086
8742 -1.5608785725041
8753 -1.5608929385621
8764 -1.5609088318055
8774 -1.5609242254421
8785 -1.5609362022051
8796 -1.5609569289431
8807 -1.5609734677887
8817 -1.5609879306527
8828 -1.561004080349
8839 -1.5610197207328
8850 -1.5610361065002
8860 -1.5610523541814
8871 -1.5610643803591
8882 -1.5610827775689
8893 -1.5610961435188
8903 -1.5611142057214
8914 -1.5611285672619
8925 -1.5611450333157
8936 -1.5611618577733
8947 -1.5611759669536
8957 -1.5611857158725
8968 -1.5612065642985
8979 -1.5612227680113
8990 -1.5612380361926
9000 -1.5612526562236
9011 -1.5612681163474
9022 -1.5612832839264
9033 -1.5612974614193
9043 -1.5613105450846
9054 -1.5613285008795
9065 -1.5613426773289
9076 -1.561357673904
9087 -1.5613749252685
9097 -1.5613892792801
9108 -1.5614035035151
9119 -1.5614190195933
9130 -1.561429340038
9140 -1.5614486566188
9151 -1.561464020267
9162 -1.5614778265833
9173 -1.5614922247603
9183 -1.5615077630669
9194 -1.5615220500338
9205 -1.5615369261754
9216 -1.5615496409806
9226 -1.5615673943932
9237 -1.561580719259
9248 -1.5615960009404
9259 -1.5616119512087
9270 -1.5616244218824
9280 -1.5616411387451
9291 -1.5616534209716
9302 -1.5616673920685
9313 -1.5616824343628
9323 -1.561697044049
9334 -1.5617117678745
9345 -1.5617261490859
9356 -1.5617396031693
9366 -1.5617531418538
9377 -1.5617686069948
9388 -1.5617770469224
9399 -1.5617968317521
9410 -1.5618120472717
9420 -1.5618248001125
9431 -1.5618427516543
9442 -1.5618531800433
9453 -1.5618675156101
9463 -1.5618808257625
9474 -1.5618956593233
9485 -1.5619097251838
9496 -1.5619252186473
9506 -1.5619365773779
9517 -1.5619519715003
9528 -1.5619661049466
9539 -1.5619813551714
9549 -1.561991606876
9560 -1.5620051900183
9571 -1.562020889717
9582 -1.5620331915734
9593 -1.5620468523294
9603 -1.5620604141227
9614 -1.5620750905745
9625 -1.5620887073278
9636 -1.5621038352279
9646 -1.5621313688418
9657 -1.5621292384713
9668 -1.5621428313009
9679 -1.5621572459441
9689 -1.5621702379769
9700 -1.5621835090094
9711 -1.5621960219977
9722 -1.562210820916
9733 -1.5622288509517
9743 -1.5622369890104
9754 -1.5622504350714
9765 -1.5622636453889
9776 -1.5622771376737
9786 -1.5622913325439
9797 -1.5623032518677
9808 -1.5623153781464
9819 -1.5623297377984
9829 -1.5623420560161
9840 -1.5623575867511
9851 -1.5623687487643
9862 -1.5623839136022
9872 -1.5623951054619
9883 -1.5624084008578
9894 -1.5624214558067
9905 -1.5624361943327
9916 -1.5624475422118
9926 -1.5624618745451
9937 -1.5624730815913
9948 -1.5624828174037
9959 -1.5624986789415
9969 -1.5625127151329
9980 -1.5625252911797
9991 -1.5625440345468
10002 -1.5625514207905
10012 -1.5625652198694
10023 -1.5625776033592
10034 -1.5625877949077
10045 -1.5626022857255
10056 -1.5626142065651
10066 -1.5626261505573
10077 -1.562642622171
10088 -1.5626506530839
10099 -1.5626641427769
10109 -1.562676985801
10120 -1.5626872463977
10131 -1.5627027495847
10142 -1.5627148519755
10152 -1.5627277997657
10163 -1.5627394907607
10174 -1.5627523269404
10185 -1.5627658947791
10195 -1.5627778391441
10206 -1.5627936704386
10217 -1.5628023175062
10228 -1.5628157406677
10239 -1.5628269752255
10249 -1.5628372144876
10260 -1.5628503907955
10271 -1.5628635395736
10282 -1.5628775649223
10292 -1.5628886060984
10303 -1.5628998704607
10314 -1.5629112909269
10325 -1.5629228033389
10335 -1.5629242234063
10346 -1.5629478357796
10357 -1.5629609977858
10368 -1.562972627861
10379 -1.5629831475509
10389 -1.5629979767437
10400 -1.5630080816736
10411 -1.563020210587
10422 -1.5630327524906
10432 -1.5630454984091
10443 -1.5630568300742
10454 -1.5630688444923
10465 -1.5630790179283
10475 -1.5630928662313
10486 -1.5631051587811
10497 -1.5631155258938
10508 -1.5631220721316
10518 -1.5631395158396
10529 -1.5631506542521
10540 -1.5631610978811
10551 -1.5631761993342
10562 -1.5631864999344
10572 -1.5631973064805
10583 -1.563210021756
10594 -1.5632222511455
10605 -1.5632326190899
10615 -1.5632454025049
10626 -1.563255943673
10637 -1.5632644605301
10648 -1.5632800116712
10658 -1.5632939488834
10669 -1.5633041173684
10680 -1.5633218291513
10691 -1.5633248856562
10702 -1.5633349809241
10712 -1.5633458471064
10723 -1.5633602066957
10734 -1.563369875885
10745 -1.5633825228888
10755 -1.5633937269986
10766 -1.563408416691
10777 -1.5634175957623
10788 -1.5634266033304
10798 -1.5634400758075
10809 -1.563450727388
10820 -1.5634622087802
10831 -1.5634735908433
10841 -1.5634858226284
10852 -1.5635006114773
10863 -1.5635081816472
10874 -1.5635193360023
10885 -1.5635266524526
10895 -1.5635395218533
10906 -1.5635505242197
10917 -1.5635633821255
10928 -1.5635705678231
10938 -1.563585198349
10949 -1.56359238913
10960 -1.5636089000671
10971 -1.5636160763317
10981 -1.5636251185665
10992 -1.5636323412567
11003 -1.5636508330932
11014 -1.5636618163
11025 -1.5636351084182
11035 -1.5636883938118
11046 -1.56369445096
11057 -1.5637035563153
11068 -1.5637175647056
11078 -1.5637234998972
11089 -1.5637354706666
11100 -1.5637500415168
11111 -1.563757227337
11121 -1.5637706124473
11132 -1.5637802972969
11143 -1.5637911949657
11154 -1.5638006659156
11164 -1.5638104243819
11175 -1.5638266565181
11186 -1.5638328814757
11197 -1.5638483818778
11208 -1.5638550457048
11218 -1.5638672225845
11229 -1.5638763080044
11240 -1.5638879226293
11251 -1.5638979336216
11261 -1.5639112376721
11272 -1.5639192397971
11283 -1.5639342010498
11294 -1.5639404400819
11304 -1.5639507003346
11315 -1.563962765496
11326 -1.5639696735721
11337 -1.5639829051888
11347 -1.5639934383437
11358 -1.5640028241756
11369 -1.5640251883387
11380 -1.5640249918287
11391 -1.5640356771404
11401 -1.5640438422228
11412 -1.5640548681475
11423 -1.5640674458127
11434 -1.564077615451
11444 -1.5640858989085
11455 -1.56409682549
11466 -1.5641073976676
11477 -1.5641199015294
11487 -1.5641292702059
11498 -1.5641413066738
11509 -1.5641469800678
11520 -1.5641574739892
11531 -1.5641686296773
11541 -1.5641738797203
11552 -1.5641876290421
11563 -1.5642008210827
11574 -1.5642091444892
11584 -1.5642195481826
11595 -1.5642305029088
11606 -1.5642377455259
11617 -1.5642508489451
11627 -1.5642526383269
11638 -1.5642689416702
11649 -1.5642802190894
11660 -1.5642900373726
11670 -1.5642957163908
11681 -1.5643115497562
11692 -1.5643231539533
11703 -1.5643317894945
11714 -1.5643612618483
11724 -1.5643488555327
11735 -1.5643606249161
11746 -1.5643690157851
11757 -1.5643778393642
11767 -1.5643899917841
11778 -1.564398729932
11789 -1.5644094701549
11800 -1.564415565428
11810 -1.5644297114983
11821 -1.5644374257612
11832 -1.5644473671265
11843 -1.5644616401693
11854 -1.5644681870842
11864 -1.5644760926474
11875 -1.5644873910811
11886 -1.564502100176
11897 -1.5645078204716
11907 -1.5645165697954
11918 -1.5645268094627
11929 -1.5645367553036
11940 -1.5645463371185
11950 -1.5645544173961
11961 -1.564564673971
11972 -1.5645761020161
11983 -1.5645838261516
11993 -1.5645929259211
12004 -1.5646052324609
12015 -1.5646150196759
12026 -1.5646225247142
12037 -1.5646323595991
12047 -1.5646418384664
12058 -1.5646491150442
12069 -1.5646616335055
12080 -1.5646716947126
12090 -1.564681035821
12101 -1.5646914857313
12112 -1.5646963787496
12123 -1.5647072668596
12133 -1.5647188126335
12144 -1.5647289705116
12155 -1.5647339289806
12166 -1.5647449187354
12177 -1.5647553755806
12187 -1.5647632908886
12198 -1.5647749768964
12209 -1.5647833079648
12220 -1.5647928379022
12230 -1.5648087167333
12241 -1.564811893937
12252 -1.564821448275
12263 -1.5648308179743
12273 -1.5648376721832
12284 -1.5648504056768
12295 -1.5648563480636
12306 -1.5648667348869
12316 -1.5648794975129
12327 -1.5648871845068
12338 -1.5648968912637
12349 -1.564905568889
12360 -1.5649154619953
12370 -1.5649257751028
12381 -1.5649300943061
12392 -1.5649429651802
12403 -1.5649560595648
12413 -1.5649590738284
12424 -1.5649690086091
12435 -1.5649780355388
12446 -1.5649863438623
12456 -1.5649952319872
12467 -1.565004113595
12478 -1.5650145585348
12489 -1.5650153640143
12500 -1.5650306686426
12510 -1.565038503371
12521 -1.5650491761156
12532 -1.5650576738238
12543 -1.5650664926736
12553 -1.5650771173571
12564 -1.565086647539
12575 -1.5650910702697
12586 -1.5651030216075
12596 -1.5651119592343
12607 -1.5651215275538
12618 -1.5651312912952
12629 -1.5651374161489
12639 -1.5651476815721
12650 -1.5651567742344
12661 -1.565165447164
12672 -1.5651766722408
12683 -1.5651822532676
12693 -1.5651919760262
12704 -1.5652027384235
12715 -1.5652116495802
12726 -1.5652195077322
12736 -1.565227905862
12747 -1.5652657119489
12758 -1.5652452334609
12769 -1.5652529733753
12779 -1.565262874798
12790 -1.5652678832852
12801 -1.5652804850153
12812 -1.5652905003797
12823 -1.5652981733876
12833 -1.5653015600633
12844 -1.5653151296271
12855 -1.565326781001
12866 -1.5653313883306
12876 -1.5653417906642
12887 -1.5653499268881
12898 -1.5653582994699
12909 -1.5653654778377
12919 -1.5653701379293
12930 -1.5653844075476
12941 -1.5653921176147
12952 -1.5654015114143
12962 -1.5654109615904
12973 -1.5654190748519
12984 -1.5654281273602
12995 -1.5654367706124
13006 -1.5654510185764
13016 -1.5654525753908
13027 -1.5654609461584
13038 -1.5654700192507
13049 -1.565479245409
13059 -1.5654869933914
13070 -1.5654964483636
13081 -1.5655030876842
13092 -1.5655142436503
13102 -1.5655209748148
13113 -1.5655296353115
13124 -1.5655388830996
13135 -1.5655470163685
13146 -1.5655549339565
13156 -1.5655635153909
13167 -1.5655731292476
13178 -1.5655835466617
13189 -1.5655897622087
13199 -1.5655968384967
13210 -1.5656057016834
13221 -1.5656133590561
13232 -1.5656229969853
13242 -1.5656303144566
13253 -1.5656373881068
13264 -1.5656488922685
13275 -1.5656567923746
13285 -1.565664432489
13296 -1.5656707320374
13307 -1.5656771065975
13318 -1.5656882179972
13329 -1.5656960124297
13339 -1.5657047630575
13350 -1.5657156326392
13361 -1.5657211605072
13372 -1.5657314466856
13382 -1.5657368070233
13393 -1.5657437251355
13404 -1.5657532395703
13415 -1.5657599280075
13425 -1.5657715960523
13436 -1.5657769575477
13447 -1.5657880134041
13458 -1.5657937663103
13469 -1.5658029812199
13479 -1.5658186912574
13490 -1.5658194205215
13501 -1.5658274919656
13512 -1.5658364697198
13522 -1.5658498927924
13533 -1.5658536236453
13544 -1.5658577248215
13555 -1.5658689670433
13565 -1.5658731661923
13576 -1.5658828212108
13587 -1.5658948642389
13598 -1.565902310416
13608 -1.5658874108099
13619 -1.5659179941874
13630 -1.5659246969511
13641 -1.5659339202121
13652 -1.565941092548
13662 -1.5659523353924
13673 -1.5659578145217
13684 -1.5659659723413
13695 -1.5659761407648
13705 -1.5659785242589
13716 -1.5659848753413
13727 -1.5659962986677
13738 -1.5660021065332
13748 -1.5660127998884
13759 -1.566023681729
13770 -1.5660293624776
13781 -1.566044572682
13792 -1.5660424897671
13802 -1.5660500950714
13813 -1.5660580928253
13824 -1.5660654633693
13835 -1.5660741970434
13845 -1.5660792257058
13856 -1.5660910797926
13867 -1.5661004237591
13878 -1.5661073410082
13888 -1.5661172814301
13899 -1.5661212599036
13910 -1.5661270001002
13921 -1.5661378791258
13931 -1.5661494063247
13942 -1.5661527988996
13953 -1.5661584842916
13964 -1.5661705176843
13975 -1.5661751147209
13985 -1.5661835890372
13996 -1.5661976271445
14007 -1.5662001543819
14018 -1.5662072454883
14028 -1.5662174578589
14039 -1.5662178014639
14050 -1.566231405169
14061 -1.5662400839068
14071 -1.5662466675571
14082 -1.5662558394885
14093 -1.5662607851702
14104 -1.5662673001928
14115 -1.5662767481379
14125 -1.566276313776
14136 -1.5662918245415
14147 -1.5663014234087
14158 -1.5663080683645
14168 -1.5663136433665
14179 -1.5663237669689
14190 -1.5663312196049
14201 -1.5663375554599
14211 -1.5663493410333
14222 -1.5663532982818
14233 -1.5663609233941
14244 -1.5663708152755
14254 -1.5663726573934
14265 -1.5663820033737
14276 -1.5663891583776
14287 -1.5663984986755
14298 -1.5664062837928
14308 -1.5664134904494
14319 -1.5664214970868
14330 -1.5664290905155
14341 -1.5664347742969
14351 -1.5664437654413
14362 -1.5664569628612
14373 -1.5664622959441
14384 -1.5664559867121
14394 -1.5664732006489
14405 -1.5664802229844
14416 -1.5664901986237
14427 -1.5665022330386
14438 -1.5665034451234
14448 -1.5665112691108
14459 -1.5665189100348
14470 -1.5665446863397
14481 -1.5665359076114
14491 -1.5665406221287
14502 -1.5665482281103
14513 -1.5665566109748
14524 -1.5665655888381
14534 -1.5665679966776
14545 -1.5665764941948
14556 -1.566582054338
14567 -1.5665920188157
14577 -1.5665968778844
14588 -1.5666077616462
14599 -1.5666154229361
14610 -1.5666251793226
14621 -1.5666313412718
14631 -1.5666356175484
14642 -1.5666457511052
14653 -1.5666527975559
14664 -1.5666611110098
14674 -1.5666666523022
14685 -1.5666696919726
14696 -1.566682012935
14707 -1.5666949881156
14717 -1.5666960355115
14728 -1.5666969488878
14739 -1.5667100360837
14750 -1.5667134213354
14761 -1.5667225171262
14771 -1.5667348389194
14782 -1.5667394757516
14793 -1.5667424927745
14804 -1.5667540833546
14814 -1.5667508854701
14825 -1.5667665476854
14836 -1.5667722082345
14847 -1.5667817220917
14857 -1.5667865898861
14868 -1.5667969494042
14879 -1.566805748477
14890 -1.5668106738625
14900 -1.5668225162803
14911 -1.5668252698671
14922 -1.5668314830647
14933 -1.5668385306082
14944 -1.5668514021298
14954 -1.5668545088327
14965 -1.5668596873802
14976 -1.5668681799269
14987 -1.5668782201239
14997 -1.5668832043
15008 -1.5668909292192
15019 -1.5668961004243
15030 -1.5669060523338
15040 -1.566907866356
15051 -1.566921482138
15062 -1.5669220468511
15073 -1.5669350565403
15084 -1.5669399708494
15094 -1.5669475375416
15105 -1.5669553592102
15116 -1.5669573311221
15127 -1.5669675523723
15137 -1.5669766722482
15148 -1.5669833640222
15159 -1.5669649265855
15170 -1.5669952982768
15180 -1.567002907139
15191 -1.567010480784
15202 -1.567012019126
15213 -1.5670249544338
15223 -1.5670297225529
15234 -1.5670388144336
15245 -1.5670473215216
15256 -1.5670522249526
15267 -1.5670591195126
15277 -1.5670666441953
15288 -1.5670734083819
15299 -1.567079656101
15310 -1.5670891100616
15320 -1.5670928750175
15331 -1.5671076500737
15342 -1.5671068008069
15353 -1.567113628099
15363 -1.5671218112006
15374 -1.5671291840574
15385 -1.5671355495647
15396 -1.5671427050833
15407 -1.5671506398766
15417 -1.5671490766065
15428 -1.5671639455922
15439 -1.5671701042782
15450 -1.5671762836869
15460 -1.5671775975885
15471 -1.56718927201
15482 -1.5671924517783
15493 -1.5672038276274
15503 -1.5672103699933
15514 -1.5672155980441
15525 -1.567224945093
15536 -1.567230182402
15546 -1.5672425578269
15557 -1.567245509655
15568 -1.5672532024018
15579 -1.5672605180202
15590 -1.5672668647889
15600 -1.5672708368287
15611 -1.5672811026865
15622 -1.5672857534364
15633 -1.5672884861225
15643 -1.5672991468809
15654 -1.5673028924676
15665 -1.5673094819052
15676 -1.5673138915325
15686 -1.567326172821
15697 -1.5673359579294
15708 -1.5673394972707
15719 -1.5673472072066
15730 -1.5673513550645
15740 -1.5673615327134
15751 -1.5673659949883
15762 -1.5673819779183
15773 -1.5673806798497
15783 -1.5673897608792
15794 -1.5673952620824
15805 -1.5674061231283
15816 -1.5674057969518
15826 -1.5674157767321
15837 -1.5674200442951
15848 -1.5674290665653
15859 -1.5674323071328
15869 -1.5674369932104
15880 -1.5674497582613
15891 -1.5674533634011
15902 -1.5674620350106
15913 -1.5674676220179
15923 -1.5674743736908
15934 -1.5674878748494
15945 -1.5674847812603
15956 -1.5674876618
15966 -1.5674973490767
15977 -1.5675090376613
15988 -1.567512726884
15999 -1.5675239420862
16009 -1.5675277703106
16020 -1.5675531157684
16031 -1.5675392740334
16042 -1.5675471998907
16053 -1.5675503708499
16063 -1.5675578236646
16074 -1.56756530572
16085 -1.5675706567257
16096 -1.5675779965697
16106 -1.5675856621905
16117 -1.5675928938982
16128 -1.5675987177412
16139 -1.567606081982
16149 -1.5676089437829
16160 -1.5676197215427
16171 -1.5676187036911
16182 -1.5676268154663
16192 -1.567643645463
16203 -1.567641963125
16214 -1.5676492187349
16225 -1.567658775207
16236 -1.5676705973639
16246 -1.5676716669878
16257 -1.5676721402761
16268 -1.5676816381937
16279 -1.5677072353083
16289 -1.5676947705625
16300 -1.56770619908
16311 -1.5677106911589
16322 -1.5677162132812
16332 -1.5677195609727
16343 -1.5677306443566
16354 -1.5677288271383
16365 -1.5677360794463
16376 -1.56774981836
16386 -1.5677488873654
16397 -1.567760633706
16408 -1.5677681546298
16419 -1.5677789427015
16429 -1.567781250092
16440 -1.5677972822991
16451 -1.5678003179598
16462 -1.5678065963847
16472 -1.5678034564209
16483 -1.5678028511465
16494 -1.5678209130976
16505 -1.5678239159549
16515 -1.5678261223144
16526 -1.5678433113375
16537 -1.5678639937697
16548 -1.5678427311584
16559 -1.5678601194422
16569 -1.5678656994078
16580 -1.5678706218244
16591 -1.5678795037007
16602 -1.5678819770638
16612 -1.5678912104097
16623 -1.5678961322591
16634 -1.5679011514519
16645 -1.5679108443582
16655 -1.567916116356
16666 -1.567919660075
16677 -1.5679299014393
16688 -1.5679391211257
16698 -1.5679375254507
16709 -1.5679664352264
16720 -1.567954492341
16731 -1.5679592906612
16742 -1.5679649811708
16752 -1.56797220441
16763 -1.5679767605354
16774 -1.5679828967065
16785 -1.567987933566
16795 -1.5679887294023
16806 -1.568001292843
16817 -1.5680101988634
16828 -1.5680196031661
16838 -1.5680245075502
16849 -1.5680278100148
16860 -1.5680376990886
16871 -1.5680437904234
16882 -1.5680853796407
16892 -1.5680530243575
16903 -1.5680636236357
16914 -1.5680665562671
16925 -1.5680780798754
16935 -1.568081804304
16946 -1.5680895983051
16957 -1.5680911356522
16968 -1.5680968720513
16978 -1.5681028498028
16989 -1.5681139622026
17000 -1.5681198982742
17011 -1.5681264362706
17021 -1.5681287490297
17032 -1.5681352352844
17043 -1.5681421041474
17054 -1.568161328802
17065 -1.5681556945918
17075 -1.5681673922052
17086 -1.5681650036351
17097 -1.568173744954
17108 -1.56817646754
17118 -1.5681816599188
17129 -1.5681922848875
17140 -1.5681955862733
17151 -1.568202279725
17161 -1.5682074503576
17172 -1.5682155854587
17183 -1.5682322669179
17194 -1.568226658013
17205 -1.5682362243215
17215 -1.5682428946678
17226 -1.5682599464991
17237 -1.5682473215366
17248 -1.5682640153274
17258 -1.5682674885451
17269 -1.5682784554631
17280 -1.5682798734512
17291 -1.5682830346842
17301 -1.5682880572091
17312 -1.5682913209448
17323 -1.5683017008115
17334 -1.5683125406707
17344 -1.5683189757697
17355 -1.5683231173223
17366 -1.5683260101824
17377 -1.5683371999329
17388 -1.5683383306464
17398 -1.568348869779
17409 -1.5683541427674
17420 -1.5683516240653
17431 -1.5683657839136
17441 -1.5683697845716
17452 -1.5683789154708
17463 -1.5683849571221
17474 -1.5683862235241
17484 -1.5684006297027
17495 -1.5683978211584
17506 -1.5684083130336
17517 -1.5684101080245
17528 -1.5684186416344
17538 -1.5684258590327
17549 -1.5684324296341
17560 -1.5684380238857
17571 -1.5683975532987
17581 -1.568449563209
17592 -1.5684525285631
17603 -1.5684621387723
17614 -1.5684511780553
17624 -1.5684748261947
17635 -1.5684754662101
17646 -1.5684820654123
17657 -1.5684980766754
17667 -1.5684922494893
17678 -1.5685074371036
17689 -1.5685093419155
17700 -1.5685190934501
17711 -1.5685226101338
17721 -1.5685303066647
17732 -1.5685323144924
17743 -1.5685499057467
17754 -1.5685447402025
17764 -1.5685547982853
17775 -1.5685587232443
17786 -1.5685558811572
17797 -1.5685653240135
17807 -1.5685765329016
17818 -1.5685801153871
17829 -1.5685854163573
17840 -1.568592860149
17851 -1.5685933977774
17861 -1.5686077451924
17872 -1.5686140474183
17883 -1.5686263771033
17894 -1.5686263980156
17904 -1.5686279319958
17915 -1.5685168119212
17926 -1.5686362862366
17937 -1.5686524801734
17947 -1.5686612370232
17958 -1.568677656432
17969 -1.5686603925898
17980 -1.5686706706062
17990 -1.5686740202699
18001 -1.5686820274164
18012 -1.5686894337744
18023 -1.5687017578762
18034 -1.5686987343836
18044 -1.5687062683735
18055 -1.5687106692628
18066 -1.5687203993572
18077 -1.5687249533754
18087 -1.5687330105961
18098 -1.5687403671922
18109 -1.5687335522345
18120 -1.5687504335114
18130 -1.5687577419177
18141 -1.5687624771501
18152 -1.5687630417473
18163 -1.5687730773147
18174 -1.5687836316208
18184 -1.5687813578927
18195 -1.5687884186343
18206 -1.5687966227918
18217 -1.5687980511903
18227 -1.5688070344022
18238 -1.5688070936146
18249 -1.5688173352607
18260 -1.5688341079735
18270 -1.5688312955834
18281 -1.5688401868703
18292 -1.5688396103363
18303 -1.5688521112923
18313 -1.5688570877077
18324 -1.568868806979
18335 -1.5688646846111
18346 -1.5688593950729
18357 -1.568882039641
18367 -1.5688873891816
18378 -1.568890310193
18389 -1.5688945963187
18400 -1.5689016475013
18410 -1.5689022646094
18421 -1.5689144593336
18432 -1.5689043531905
18443 -1.5689266440919
18453 -1.5689249225421
18464 -1.5689392534929
18475 -1.5689450954087
18486 -1.568950228512
18497 -1.5689541644857
18507 -1.5689622965785
18518 -1.5689656301703
18529 -1.5689768445752
18540 -1.5689868917744
18550 -1.5689799454464
18561 -1.5689861563971
18572 -1.5689881172672
18583 -1.5690068425937
18593 -1.5690059994438
18604 -1.5690050746193
18615 -1.5690196642226
18626 -1.569019888715
18636 -1.5690311250212
18647 -1.5690234591738
18658 -1.5690407997153
18669 -1.5690438177215
18680 -1.5690485477197
18690 -1.5690567851392
18701 -1.5690618906254
18712 -1.5690673772109
18723 -1.5690720829785
18733 -1.5690665930966
18744 -1.5690862913781
18755 -1.5690918701266
18766 -1.5691006091911
18776 -1.5691149689694
18787 -1.5691092379552
18798 -1.569114724644
18809 -1.5691162423545
18820 -1.5691273236163
18830 -1.5691373815843
18841 -1.5691372391534
18852 -1.5691443735574
18863 -1.5691516650706
18873 -1.5691589001933
18884 -1.5691673491617
18895 -1.5691655782626
18906 -1.5691670673009
18916 -1.5691774134439
18927 -1.5691870952114
18938 -1.5691907938038
18949 -1.5692140496343
18959 -1.5692038585381
18970 -1.5692036973782
18981 -1.5692085085946
18992 -1.5692092001654
19003 -1.569223649112
19013 -1.569231802211
19024 -1.5692384013112
19035 -1.5692393880718
19046 -1.5692483692979
19056 -1.5692650233702
19067 -1.5692657251966
19078 -1.5692799124155
19089 -1.569270650766
19099 -1.5692713195469
19110 -1.5692860342192
19121 -1.5692836077477
19132 -1.5692953159163
19143 -1.5692942878183
19153 -1.5693042551135
19164 -1.5693104538382
19175 -1.5693062521165
19186 -1.5693129934891
19196 -1.5693303469281
19207 -1.5693137495717
19218 -1.5693407928675
19229 -1.5693500834085
19239 -1.5693516073111
19250 -1.5693705601406
19261 -1.5693607465601
19272 -1.5693616786132
19282 -1.5693862219889
19293 -1.5694649065171
19304 -1.5693841346432
19315 -1.5693927912006
19326 -1.5693947219475
19336 -1.5693908921283
19347 -1.5694055194764
19358 -1.5694175321215
19369 -1.5694101050775
19379 -1.5694406110307
19390 -1.5694328450681
19401 -1.5694402544865
19412 -1.5694450856799
19422 -1.5694447762314
19433 -1.5694546601022
19444 -1.5694588313166
19455 -1.5694621905233
19466 -1.5694993304133
19476 -1.569474859235
19487 -1.5694812023961
19498 -1.5694809629568
19509 -1.5694860829443
19519 -1.5694990244554
19530 -1.5694923682526
19541 -1.5695165997473
19552 -1.5695005103393
19562 -1.5695225135216
19573 -1.569535567572
19584 -1.5695327713914
19595 -1.569533345922
19605 -1.5695416867611
19616 -1.569539789701
19627 -1.5695536533456
19638 -1.5695494161438
19649 -1.5695701767875
19659 -1.5695589972228
19670 -1.5695722644925
19681 -1.5695829779595
19692 -1.5695908521613
19702 -1.5695946085133
19713 -1.5696020832415
19724 -1.5696062796142
19735 -1.569605065889
19745 -1.569615907203
19756 -1.5696245147186
19767 -1.5696282101548
19778 -1.569631214619
19789 -1.569640035084
19799 -1.5696511154513
19810 -1.5696690709336
19821 -1.5696514188438
19832 -1.5696516683726
19842 -1.5696741731451
19853 -1.5696710031945
19864 -1.5696823817284
19875 -1.5696860037636
19885 -1.5696909792212
19896 -1.5697005694845
19907 -1.5696993601588
19918 -1.5697165894234
19928 -1.569726070836
19939 -1.5697212728162
19950 -1.5697172819835
19961 -1.5697184841685
19972 -1.5697425689645
19982 -1.5697247514936
19993 -1.5697580656169
20004 -1.5697493119916
20015 -1.569752953082
20025 -1.5697635000975
20036 -1.5697780506607
20047 -1.5697766061326
20058 -1.5697775938074
20068 -1.5697916549315
20079 -1.5697908386431
20090 -1.5698036395915
20101 -1.5697991399419
20112 -1.569798409663
20122 -1.5698201832941
20133 -1.5698150458834
20144 -1.5698124511487
20155 -1.5698056681739
20165 -1.5698302360218
20176 -1.5698471555751
20187 -1.5698501912211
20198 -1.5698572549389
20208 -1.5698559113826
20219 -1.569876530615
20230 -1.5698602110684
20241 -1.5698650548197
20251 -1.5698778535534
20262 -1.5698867245074
20273 -1.5699046905399
20284 -1.5698868863354
20295 -1.5698990076779
20305 -1.5699023608344
20316 -1.5699010214466
20327 -1.5700477754367
20338 -1.5699251215777
20348 -1.569904572862
20359 -1.5699323724192
20370 -1.5699287466575
20381 -1.569949132873
20391 -1.5699460643444
20402 -1.5699449492441
20413 -1.5699488302493
20424 -1.5699653913273
20435 -1.5699837008591
20445 -1.5699648777254
20456 -1.5699829517454
20467 -1.5699918843693
20478 -1.5700108963544
20488 -1.5700027964453
20499 -1.5699765801409
20510 -1.5700102943244
20521 -1.5700299701171
20531 -1.5700250293926
20542 -1.5700342049506
20553 -1.5700358126252
20564 -1.5700418620992
20574 -1.5700424488955
20585 -1.5700474945296
20596 -1.5700543999113
20607 -1.5700254816499
20618 -1.5700775863909
20628 -1.5700790464751
20639 -1.5700694742939
20650 -1.5701020195221
20661 -1.5700776503255
20671 -1.5699450413026
20682 -1.5700975190916
20693 -1.5700955917438
20704 -1.5701034032814
20714 -1.5701168786385
20725 -1.5701168845639
20736 -1.5701413455236
20747 -1.5701485341792
20758 -1.5701246261879
20768 -1.570140148799
20779 -1.5701572238795
20790 -1.5701471628317
20801 -1.5701481260383
20811 -1.5701783308287
20822 -1.5701527848283
20833 -1.5701740998435
20844 -1.5701739949867
20854 -1.5701876053505
20865 -1.5701918042052
20876 -1.5701904226692
20887 -1.5702329130766
20897 -1.5702204941158
20908 -1.570204928394
20919 -1.5702254907568
20930 -1.5702743662702
20941 -1.5702291977759
20951 -1.570214610738
20962 -1.5702315655385
20973 -1.5702687264621
20984 -1.5702479118465
20994 -1.5702563295942
21005 -1.5702602183631
21016 -1.5701637664275
21027 -1.5702810953083
21037 -1.5702853323204
21048 -1.5702683176852
21059 -1.5702792001366
21070 -1.570295345047
21081 -1.5703152568508
21091 -1.5703235843046
21102 -1.5702938929012
21113 -1.5703337937647
21124 -1.5703408561971
21134 -1.5703354707874
21145 -1.5703700600433
21156 -1.570348298151
21167 -1.5703334951941
21177 -1.5703466593524
21188 -1.5704080211279
21199 -1.5703759406068
21210 -1.5703744405369
21220 -1.5703709403948
21231 -1.5703612920196
21242 -1.5703759049283
21253 -1.5703867620321
21264 -1.5703685605994
21274 -1.5704689347184
21285 -1.5704039230618
21296 -1.5704245503328
21307 -1.5704413518355
21317 -1.570409092925
21328 -1.5704444329808
21339 -1.5704530094347
21350 -1.5704241627961
21360 -1.5704757403719
21371 -1.5704609455422
21382 -1.5704456471823
21393 -1.570464988199
21404 -1.5704390235311
21414 -1.5704589378865
21425 -1.5704689357961
21436 -1.5704900596105
21447 -1.5704736261848
21457 -1.5705011739923
21468 -1.5705127128805
21479 -1.5704958043572
21490 -1.5705960346066
21500 -1.5705320561879
21511 -1.5705022524026
21522 -1.5705587792899
21533 -1.5705920992883
21543 -1.570548647167
21554 -1.5705565825267
21565 -1.5705376403831
21576 -1.5704899713207
21587 -1.5705398434719
21597 -1.5705774892634
21608 -1.5706020301512
21619 -1.5705971846407
21630 -1.5705920784317
21640 -1.570506079125
21651 -1.5705975986576
21662 -1.5704558665057
21673 -1.5705511944283
21683 -1.5705800638225
21694 -1.5705735103993
21705 -1.5705665121827
21716 -1.5706381740206
21727 -1.5706737577483
21737 -1.570627265089
21748 -1.5707087764537
21759 -1.5706601364925
21770 -1.5706077187247
21780 -1.5706002099117
21791 -1.5705919949628
21802 -1.5705831526348
21813 -1.5705734607411
21823 -1.570679586193
21834 -1.5705511686728
21845 -1.5707963267949
21856 -1.5706601241262
21866 -1.5705078929985
21877 -1.5704899542555
21888 -1.5704694225895
21899 -1.5707963267949
21910 -1.5700416099571
21920 -1.5703874960736
21931 -1.571241959564
21942 -1.5707963267949
21953 -1.569707002607
21963 -1.5707963267949
21974 -1.5707963267949
21985 -1.5691596670451
21996 -1.5707963267949
22006 -1.5732473022791
22017 -1.5773428781152
22028 -1.5609927193156
22039 -1.5707963267949
