0.0 -120.0 0.0 
10.7666015625 -120.0 0.0 
21.533203125 -120.0 0.0 
32.2998046875 -120.0 0.0 
43.06640625 -120.0 0.0 
53.8330078125 -120.0 0.0 
64.599609375 -120.0 0.0 
75.3662109375 -0.91204372218983 0.0061359465068299 
86.1328125 -120.0 0.0 
96.8994140625 -120.0 0.0 
107.666015625 -120.0 0.0 
118.4326171875 -120.0 0.0 
129.19921875 -120.0 0.0 
139.9658203125 -120.0 0.0 
150.732421875 -120.0 0.0 
161.4990234375 -0.91188021369006 0.012271869582909 
172.265625 -120.0 0.0 
183.0322265625 -120.0 0.0 
193.798828125 -120.0 0.0 
204.5654296875 -120.0 0.0 
215.33203125 -120.0 0.0 
226.0986328125 -120.0 0.0 
236.865234375 -120.0 0.0 
247.6318359375 -10.454013115697 0.018407773269494 
258.3984375 -120.0 0.0 
269.1650390625 -120.0 0.0 
279.931640625 -120.0 0.0 
290.6982421875 -120.0 0.0 
301.46484375 -120.0 0.0 
312.2314453125 -120.0 0.0 
322.998046875 -120.0 0.0 
333.7646484375 -0.91122612046655 0.024543716434966 
344.53125 -120.0 0.0 
355.2978515625 -120.0 0.0 
366.064453125 -120.0 0.0 
376.8310546875 -120.0 0.0 
387.59765625 -120.0 0.0 
398.3642578125 -120.0 0.0 
409.130859375 -120.0 0.0 
419.8974609375 -14.890096183585 0.030679711129667 
430.6640625 -120.0 0.0 
441.4306640625 -120.0 0.0 
452.197265625 -120.0 0.0 
462.9638671875 -120.0 0.0 
473.73046875 -120.0 0.0 
484.4970703125 -120.0 0.0 
495.263671875 -120.0 0.0 
506.0302734375 -10.452541183239 0.036815542993042 
516.796875 -120.0 0.0 
527.5634765625 -120.0 0.0 
538.330078125 -120.0 0.0 
549.0966796875 -120.0 0.0 
559.86328125 -120.0 0.0 
570.6298828125 -120.0 0.0 
581.396484375 -120.0 0.0 
592.1630859375 -17.811329740751 0.04295162270744 
602.9296875 -120.0 0.0 
613.6962890625 -120.0 0.0 
624.462890625 -120.0 0.0 
635.2294921875 -120.0 0.0 
645.99609375 -120.0 0.0 
656.7626953125 -120.0 0.0 
667.529296875 -120.0 0.0 
678.2958984375 -0.90860966561269 0.049087410049471 
689.0625 -120.0 0.0 
699.8291015625 -120.0 0.0 
710.595703125 -120.0 0.0 
721.3623046875 -120.0 0.0 
732.12890625 -120.0 0.0 
742.8955078125 -120.0 0.0 
753.662109375 -120.0 0.0 
764.4287109375 -19.992455458801 0.05522327469393 
775.1953125 -120.0 0.0 
785.9619140625 -120.0 0.0 
796.728515625 -120.0 0.0 
807.4951171875 -120.0 0.0 
818.26171875 -120.0 0.0 
829.0283203125 -120.0 0.0 
839.794921875 -120.0 0.0 
850.5615234375 -14.886007659845 0.061359328283553 
861.328125 -120.0 0.0 
872.0947265625 -120.0 0.0 
882.861328125 -120.0 0.0 
893.6279296875 -120.0 0.0 
904.39453125 -120.0 0.0 
915.1611328125 -120.0 0.0 
925.927734375 -120.0 0.0 
936.6943359375 -21.733258787739 0.067495067101575 
947.4609375 -120.0 0.0 
958.2275390625 -120.0 0.0 
968.994140625 -120.0 0.0 
979.7607421875 -120.0 0.0 
990.52734375 -120.0 0.0 
1001.2939453125 -120.0 0.0 
1012.060546875 -120.0 0.0 
1022.8271484375 -10.446653180753 0.073631083157371 
1033.59375 -120.0 0.0 
1044.3603515625 -120.0 0.0 
1055.126953125 -120.0 0.0 
1065.8935546875 -120.0 0.0 
1076.66015625 -120.0 0.0 
1087.4267578125 -120.0 0.0 
1098.193359375 -120.0 0.0 
1108.9599609375 -23.181636003647 0.079766946884174 
1119.7265625 -120.0 0.0 
1130.4931640625 -120.0 0.0 
1141.259765625 -120.0 0.0 
1152.0263671875 -120.0 0.0 
1162.79296875 -120.0 0.0 
1173.5595703125 -120.0 0.0 
1184.326171875 -120.0 0.0 
1195.0927734375 -17.80331523502 0.085903086076294 
1205.859375 -120.0 0.0 
1216.6259765625 -120.0 0.0 
1227.392578125 -120.0 0.0 
1238.1591796875 -120.0 0.0 
1248.92578125 -120.0 0.0 
1259.6923828125 -120.0 0.0 
1270.458984375 -120.0 0.0 
1281.2255859375 -24.421519992231 0.092038170077402 
1291.9921875 -120.0 0.0 
1302.7587890625 -120.0 0.0 
1313.525390625 -120.0 0.0 
1324.2919921875 -120.0 0.0 
1335.05859375 -120.0 0.0 
1345.8251953125 -120.0 0.0 
1356.591796875 -120.0 0.0 
1367.3583984375 -0.8981406603342 0.098174792280365 
1378.125 -120.0 0.0 
1388.8916015625 -120.0 0.0 
1399.658203125 -120.0 0.0 
1410.4248046875 -120.0 0.0 
1421.19140625 -120.0 0.0 
1431.9580078125 -120.0 0.0 
1442.724609375 -120.0 0.0 
1453.4912109375 -25.505163980779 0.1043105783999 
1464.2578125 -120.0 0.0 
1475.0244140625 -120.0 0.0 
1485.791015625 -120.0 0.0 
1496.5576171875 -120.0 0.0 
1507.32421875 -120.0 0.0 
1518.0908203125 -120.0 0.0 
1528.857421875 -120.0 0.0 
1539.6240234375 -19.979205549256 0.11044654734037 
1550.390625 -120.0 0.0 
1561.1572265625 -120.0 0.0 
1571.923828125 -120.0 0.0 
1582.6904296875 -120.0 0.0 
1593.45703125 -120.0 0.0 
1604.2236328125 -120.0 0.0 
1614.990234375 -120.0 0.0 
1625.7568359375 -26.467311225937 0.11658246100192 
1636.5234375 -120.0 0.0 
1647.2900390625 -120.0 0.0 
1658.056640625 -120.0 0.0 
1668.8232421875 -120.0 0.0 
1679.58984375 -120.0 0.0 
1690.3564453125 -120.0 0.0 
1701.123046875 -120.0 0.0 
1711.8896484375 -14.869646622315 0.12271846430062 
1722.65625 -120.0 0.0 
1733.4228515625 -120.0 0.0 
1744.189453125 -120.0 0.0 
1754.9560546875 -120.0 0.0 
1765.72265625 -120.0 0.0 
1776.4892578125 -120.0 0.0 
1787.255859375 -120.0 0.0 
1798.0224609375 -27.332242268105 0.12885440732599 
1808.7890625 -120.0 0.0 
1819.5556640625 -120.0 0.0 
1830.322265625 -120.0 0.0 
1841.0888671875 -120.0 0.0 
1851.85546875 -120.0 0.0 
1862.6220703125 -120.0 0.0 
1873.388671875 -120.0 0.0 
1884.1552734375 -21.713459280996 0.13499028533553 
1894.921875 -120.0 0.0 
1905.6884765625 -120.0 0.0 
1916.455078125 -120.0 0.0 
1927.2216796875 -120.0 0.0 
1937.98828125 -120.0 0.0 
1948.7548828125 -120.0 0.0 
1959.521484375 -120.0 0.0 
1970.2880859375 -28.117591529799 0.14112634423689 
1981.0546875 -120.0 0.0 
1991.8212890625 -120.0 0.0 
2002.587890625 -120.0 0.0 
2013.3544921875 -120.0 0.0 
2024.12109375 -120.0 0.0 
2034.8876953125 -120.0 0.0 
2045.654296875 -120.0 0.0 
2056.4208984375 -10.423086556964 0.14726215718779 
2067.1875 -120.0 0.0 
2077.9541015625 -120.0 0.0 
2088.720703125 -120.0 0.0 
2099.4873046875 -120.0 0.0 
2110.25390625 -120.0 0.0 
2121.0205078125 -120.0 0.0 
2131.787109375 -120.0 0.0 
2142.5537109375 -28.83657632328 0.15339815550594 
2153.3203125 -120.0 0.0 
2164.0869140625 -120.0 0.0 
2174.853515625 -120.0 0.0 
2185.6201171875 -120.0 0.0 
2196.38671875 -120.0 0.0 
2207.1533203125 -120.0 0.0 
2217.919921875 -120.0 0.0 
2228.6865234375 -23.153973731484 0.15953395407885 
2239.453125 -120.0 0.0 
2250.2197265625 -120.0 0.0 
2260.986328125 -120.0 0.0 
2271.7529296875 -120.0 0.0 
2282.51953125 -120.0 0.0 
2293.2861328125 -120.0 0.0 
2304.052734375 -120.0 0.0 
2314.8193359375 -29.499353541481 0.16566977163887 
2325.5859375 -120.0 0.0 
2336.3525390625 -120.0 0.0 
2347.119140625 -120.0 0.0 
2357.8857421875 -120.0 0.0 
2368.65234375 -120.0 0.0 
2379.4189453125 -120.0 0.0 
2390.185546875 -120.0 0.0 
2400.9521484375 -17.771227721436 0.17180600816135 
2411.71875 -120.0 0.0 
2422.4853515625 -120.0 0.0 
2433.251953125 -120.0 0.0 
2444.0185546875 -120.0 0.0 
2454.78515625 -120.0 0.0 
2465.5517578125 -120.0 0.0 
2476.318359375 -120.0 0.0 
2487.0849609375 -30.113904033906 0.17794170349359 
2497.8515625 -120.0 0.0 
2508.6181640625 -120.0 0.0 
2519.384765625 -120.0 0.0 
2530.1513671875 -120.0 0.0 
2540.91796875 -120.0 0.0 
2551.6845703125 -120.0 0.0 
2562.451171875 -120.0 0.0 
2573.2177734375 -24.384678933536 0.18407701773312 
2583.984375 -120.0 0.0 
2594.7509765625 -120.0 0.0 
2605.517578125 -120.0 0.0 
2616.2841796875 -120.0 0.0 
2627.05078125 -120.0 0.0 
2637.8173828125 -120.0 0.0 
2648.583984375 -120.0 0.0 
2659.3505859375 -30.686602349806 0.19021397044149 
2670.1171875 -120.0 0.0 
2680.8837890625 -120.0 0.0 
2691.650390625 -120.0 0.0 
2702.4169921875 -120.0 0.0 
2713.18359375 -120.0 0.0 
2723.9501953125 -120.0 0.0 
2734.716796875 -120.0 0.0 
2745.4833984375 -0.85621356780396 0.19634951861364 
2756.25 -120.0 0.0 
2767.0166015625 -120.0 0.0 
2777.783203125 -120.0 0.0 
2788.5498046875 -120.0 0.0 
2799.31640625 -120.0 0.0 
2810.0830078125 -120.0 0.0 
2820.849609375 -120.0 0.0 
2831.6162109375 -31.222634677627 0.20248542569553 
2842.3828125 -120.0 0.0 
2853.1494140625 -120.0 0.0 
2863.916015625 -120.0 0.0 
2874.6826171875 -120.0 0.0 
2885.44921875 -120.0 0.0 
2896.2158203125 -120.0 0.0 
2906.982421875 -120.0 0.0 
2917.7490234375 -25.457825258689 0.20862128285918 
2928.515625 -120.0 0.0 
2939.2822265625 -120.0 0.0 
2950.048828125 -120.0 0.0 
2960.8154296875 -120.0 0.0 
2971.58203125 -120.0 0.0 
2982.3486328125 -120.0 0.0 
2993.115234375 -120.0 0.0 
3003.8818359375 -31.726263671511 0.21475742374393 
3014.6484375 -120.0 0.0 
3025.4150390625 -120.0 0.0 
3036.181640625 -120.0 0.0 
3046.9482421875 -120.0 0.0 
3057.71484375 -120.0 0.0 
3068.4814453125 -120.0 0.0 
3079.248046875 -120.0 0.0 
3090.0146484375 -19.926119900869 0.22089318796909 
3100.78125 -120.0 0.0 
3111.5478515625 -120.0 0.0 
3122.314453125 -120.0 0.0 
3133.0810546875 -120.0 0.0 
3143.84765625 -120.0 0.0 
3154.6142578125 -120.0 0.0 
3165.380859375 -120.0 0.0 
3176.1474609375 -32.201044452748 0.2270293874583 
3186.9140625 -120.0 0.0 
3197.6806640625 -120.0 0.0 
3208.447265625 -120.0 0.0 
3219.2138671875 -120.0 0.0 
3229.98046875 -120.0 0.0 
3240.7470703125 -120.0 0.0 
3251.513671875 -120.0 0.0 
3262.2802734375 -26.40815160542 0.23316510333147 
3273.046875 -120.0 0.0 
3283.8134765625 -120.0 0.0 
3294.580078125 -120.0 0.0 
3305.3466796875 -120.0 0.0 
3316.11328125 -120.0 0.0 
3326.8798828125 -120.0 0.0 
3337.646484375 -120.0 0.0 
3348.4130859375 -32.649967997448 0.2393011164109 
3359.1796875 -120.0 0.0 
3369.9462890625 -120.0 0.0 
3380.712890625 -120.0 0.0 
3391.4794921875 -120.0 0.0 
3402.24609375 -120.0 0.0 
3413.0126953125 -120.0 0.0 
3423.779296875 -120.0 0.0 
3434.5458984375 -14.804077923925 0.24543702000399 
3445.3125 -120.0 0.0 
3456.0791015625 -120.0 0.0 
3466.845703125 -120.0 0.0 
3477.6123046875 -120.0 0.0 
3488.37890625 -120.0 0.0 
3499.1455078125 -120.0 0.0 
3509.912109375 -120.0 0.0 
3520.6787109375 -33.075579240505 0.2515726860566 
3531.4453125 -120.0 0.0 
3542.2119140625 -120.0 0.0 
3552.978515625 -120.0 0.0 
3563.7451171875 -120.0 0.0 
3574.51171875 -120.0 0.0 
3585.2783203125 -120.0 0.0 
3596.044921875 -120.0 0.0 
3606.8115234375 -27.259935431117 0.25770884387988 
3617.578125 -120.0 0.0 
3628.3447265625 -120.0 0.0 
3639.111328125 -120.0 0.0 
3649.8779296875 -120.0 0.0 
3660.64453125 -120.0 0.0 
3671.4111328125 -120.0 0.0 
3682.177734375 -120.0 0.0 
3692.9443359375 -33.480054783569 0.26384463617272 
3703.7109375 -120.0 0.0 
3714.4775390625 -120.0 0.0 
3725.244140625 -120.0 0.0 
3736.0107421875 -120.0 0.0 
3746.77734375 -120.0 0.0 
3757.5439453125 -120.0 0.0 
3768.310546875 -120.0 0.0 
3779.0771484375 -21.634080127814 0.26998052194635 
3789.84375 -120.0 0.0 
3800.6103515625 -120.0 0.0 
3811.376953125 -120.0 0.0 
3822.1435546875 -120.0 0.0 
3832.91015625 -120.0 0.0 
3843.6767578125 -120.0 0.0 
3854.443359375 -120.0 0.0 
3865.2099609375 -33.865277755199 0.27611657121679 
3875.9765625 -120.0 0.0 
3886.7431640625 -120.0 0.0 
3897.509765625 -120.0 0.0 
3908.2763671875 -120.0 0.0 
3919.04296875 -120.0 0.0 
3929.8095703125 -120.0 0.0 
3940.576171875 -120.0 0.0 
3951.3427734375 -28.030808431982 0.28225258222628 
3962.109375 -120.0 0.0 
3972.8759765625 -120.0 0.0 
3983.642578125 -120.0 0.0 
3994.4091796875 -120.0 0.0 
4005.17578125 -120.0 0.0 
4015.9423828125 -120.0 0.0 
4026.708984375 -120.0 0.0 
4037.4755859375 -34.232883855708 0.28838779560724 
4048.2421875 -120.0 0.0 
4059.0087890625 -120.0 0.0 
4069.775390625 -120.0 0.0 
4080.5419921875 -120.0 0.0 
4091.30859375 -120.0 0.0 
4102.0751953125 -120.0 0.0 
4112.841796875 -120.0 0.0 
4123.6083984375 -10.328562781493 0.29452431516194 
4134.375 -120.0 0.0 
4145.1416015625 -120.0 0.0 
4155.908203125 -120.0 0.0 
4166.6748046875 -120.0 0.0 
4177.44140625 -120.0 0.0 
4188.2080078125 -120.0 0.0 
4198.974609375 -120.0 0.0 
4209.7412109375 -34.584303643379 0.3006602299636 
4220.5078125 -120.0 0.0 
4231.2744140625 -120.0 0.0 
4242.041015625 -120.0 0.0 
4252.8076171875 -120.0 0.0 
4263.57421875 -120.0 0.0 
4274.3408203125 -120.0 0.0 
4285.107421875 -120.0 0.0 
4295.8740234375 -28.733982064136 0.30679622934969 
4306.640625 -120.0 0.0 
4317.4072265625 -120.0 0.0 
4328.173828125 -120.0 0.0 
4338.9404296875 -120.0 0.0 
4349.70703125 -120.0 0.0 
4360.4736328125 -120.0 0.0 
4371.240234375 -120.0 0.0 
4382.0068359375 -34.920797331916 0.31293213516124 
4392.7734375 -120.0 0.0 
4403.5400390625 -120.0 0.0 
4414.306640625 -120.0 0.0 
4425.0732421875 -120.0 0.0 
4435.83984375 -120.0 0.0 
4446.6064453125 -120.0 0.0 
4457.373046875 -120.0 0.0 
4468.1396484375 -23.042970139807 0.31906795587997 
4478.90625 -120.0 0.0 
4489.6728515625 -120.0 0.0 
4500.439453125 -120.0 0.0 
4511.2060546875 -120.0 0.0 
4521.97265625 -120.0 0.0 
4532.7392578125 -120.0 0.0 
4543.505859375 -120.0 0.0 
4554.2724609375 -35.243479533331 0.32520402509074 
4565.0390625 -120.0 0.0 
4575.8056640625 -120.0 0.0 
4586.572265625 -120.0 0.0 
4597.3388671875 -120.0 0.0 
4608.10546875 -120.0 0.0 
4618.8720703125 -120.0 0.0 
4629.638671875 -120.0 0.0 
4640.4052734375 -29.379608610469 0.33133969777467 
4651.171875 -120.0 0.0 
4661.9384765625 -120.0 0.0 
4672.705078125 -120.0 0.0 
4683.4716796875 -120.0 0.0 
4694.23828125 -120.0 0.0 
4705.0048828125 -120.0 0.0 
4715.771484375 -120.0 0.0 
4726.5380859375 -35.553337370808 0.33747550883327 
4737.3046875 -120.0 0.0 
4748.0712890625 -120.0 0.0 
4758.837890625 -120.0 0.0 
4769.6044921875 -120.0 0.0 
4780.37109375 -120.0 0.0 
4791.1376953125 -120.0 0.0 
4801.904296875 -120.0 0.0 
4812.6708984375 -17.642401275571 0.34361186149765 
4823.4375 -120.0 0.0 
4834.2041015625 -120.0 0.0 
4844.970703125 -120.0 0.0 
4855.7373046875 -120.0 0.0 
4866.50390625 -120.0 0.0 
4877.2705078125 -120.0 0.0 
4888.037109375 -120.0 0.0 
4898.8037109375 -35.851256762454 0.34974742512245 
4909.5703125 -120.0 0.0 
4920.3369140625 -120.0 0.0 
4931.103515625 -120.0 0.0 
4941.8701171875 -120.0 0.0 
4952.63671875 -120.0 0.0 
4963.4033203125 -120.0 0.0 
4974.169921875 -120.0 0.0 
4984.9365234375 -29.975664819191 0.35588348053622 
4995.703125 -120.0 0.0 
5006.4697265625 -120.0 0.0 
5017.236328125 -120.0 0.0 
5028.0029296875 -120.0 0.0 
5038.76953125 -120.0 0.0 
5049.5361328125 -120.0 0.0 
5060.302734375 -120.0 0.0 
5071.0693359375 -36.138026774098 0.36201897069112 
5081.8359375 -120.0 0.0 
5092.6025390625 -120.0 0.0 
5103.369140625 -120.0 0.0 
5114.1357421875 -120.0 0.0 
5124.90234375 -120.0 0.0 
5135.6689453125 -120.0 0.0 
5146.435546875 -120.0 0.0 
5157.2021484375 -24.236684063132 0.36815471113773 
5167.96875 -120.0 0.0 
5178.7353515625 -120.0 0.0 
5189.501953125 -120.0 0.0 
5200.2685546875 -120.0 0.0 
5211.03515625 -120.0 0.0 
5221.8017578125 -120.0 0.0 
5232.568359375 -120.0 0.0 
5243.3349609375 -36.414367395064 0.37429128400155 
5254.1015625 -120.0 0.0 
5264.8681640625 -120.0 0.0 
5275.634765625 -120.0 0.0 
5286.4013671875 -120.0 0.0 
5297.16796875 -120.0 0.0 
5307.9345703125 -120.0 0.0 
5318.701171875 -120.0 0.0 
5329.4677734375 -30.528517818006 0.3804275965297 
5340.234375 -120.0 0.0 
5351.0009765625 -120.0 0.0 
5361.767578125 -120.0 0.0 
5372.5341796875 -120.0 0.0 
5383.30078125 -120.0 0.0 
5394.0673828125 -120.0 0.0 
5404.833984375 -120.0 0.0 
5415.6005859375 -36.68091334443 0.38656333498488 
5426.3671875 -120.0 0.0 
5437.1337890625 -120.0 0.0 
5447.900390625 -120.0 0.0 
5458.6669921875 -120.0 0.0 
5469.43359375 -120.0 0.0 
5480.2001953125 -120.0 0.0 
5490.966796875 -120.0 0.0 
5501.7333984375 -0.68769227538062 0.39269905010501 
5512.5 -120.0 0.0 
5523.2666015625 -120.0 0.0 
5534.033203125 -120.0 0.0 
5544.7998046875 -120.0 0.0 
5555.56640625 -120.0 0.0 
5566.3330078125 -120.0 0.0 
5577.099609375 -120.0 0.0 
5587.8662109375 -36.938253940758 0.39883483534334 
5598.6328125 -120.0 0.0 
5609.3994140625 -120.0 0.0 
5620.166015625 -120.0 0.0 
5630.9326171875 -120.0 0.0 
5641.69921875 -120.0 0.0 
5652.4658203125 -120.0 0.0 
5663.232421875 -120.0 0.0 
5673.9990234375 -31.043348813956 0.40497088771556 
5684.765625 -120.0 0.0 
5695.5322265625 -120.0 0.0 
5706.298828125 -120.0 0.0 
5717.0654296875 -120.0 0.0 
5727.83203125 -120.0 0.0 
5738.5986328125 -120.0 0.0 
5749.365234375 -120.0 0.0 
5760.1318359375 -37.186916707608 0.41110686353931 
5770.8984375 -120.0 0.0 
5781.6650390625 -120.0 0.0 
5792.431640625 -120.0 0.0 
5803.1982421875 -120.0 0.0 
5813.96484375 -120.0 0.0 
5824.7314453125 -120.0 0.0 
5835.498046875 -120.0 0.0 
5846.2646484375 -25.267424263597 0.41724268179824 
5857.03125 -120.0 0.0 
5867.7978515625 -120.0 0.0 
5878.564453125 -120.0 0.0 
5889.3310546875 -120.0 0.0 
5900.09765625 -120.0 0.0 
5910.8642578125 -120.0 0.0 
5921.630859375 -120.0 0.0 
5932.3974609375 -37.427383910185 0.42337886519163 
5943.1640625 -120.0 0.0 
5953.9306640625 -120.0 0.0 
5964.697265625 -120.0 0.0 
5975.4638671875 -120.0 0.0 
5986.23046875 -120.0 0.0 
5996.9970703125 -120.0 0.0 
6007.763671875 -120.0 0.0 
6018.5302734375 -31.524412463209 0.42951471841726 
6029.296875 -120.0 0.0 
6040.0634765625 -120.0 0.0 
6050.830078125 -120.0 0.0 
6061.5966796875 -120.0 0.0 
6072.36328125 -120.0 0.0 
6083.1298828125 -120.0 0.0 
6093.896484375 -120.0 0.0 
6104.6630859375 -37.660099700066 0.43565066592974 
6115.4296875 -120.0 0.0 
6126.1962890625 -120.0 0.0 
6136.962890625 -120.0 0.0 
6147.7294921875 -120.0 0.0 
6158.49609375 -120.0 0.0 
6169.2626953125 -120.0 0.0 
6180.029296875 -120.0 0.0 
6190.7958984375 -19.712467109757 0.44178640521581 
6201.5625 -120.0 0.0 
6212.3291015625 -120.0 0.0 
6223.095703125 -120.0 0.0 
6233.8623046875 -120.0 0.0 
6244.62890625 -120.0 0.0 
6255.3955078125 -120.0 0.0 
6266.162109375 -120.0 0.0 
6276.9287109375 -37.885468196562 0.44792240338862 
6287.6953125 -120.0 0.0 
6298.4619140625 -120.0 0.0 
6309.228515625 -120.0 0.0 
6319.9951171875 -120.0 0.0 
6330.76171875 -120.0 0.0 
6341.5283203125 -120.0 0.0 
6352.294921875 -120.0 0.0 
6363.0615234375 -31.975258998336 0.45405856198118 
6373.828125 -120.0 0.0 
6384.5947265625 -120.0 0.0 
6395.361328125 -120.0 0.0 
6406.1279296875 -120.0 0.0 
6416.89453125 -120.0 0.0 
6427.6611328125 -120.0 0.0 
6438.427734375 -120.0 0.0 
6449.1943359375 -38.103858927795 0.46019410735684 
6459.9609375 -120.0 0.0 
6470.7275390625 -120.0 0.0 
6481.494140625 -120.0 0.0 
6492.2607421875 -120.0 0.0 
6503.02734375 -120.0 0.0 
6513.7939453125 -120.0 0.0 
6524.560546875 -120.0 0.0 
6535.3271484375 -26.169877022492 0.46633019525814 
6546.09375 -120.0 0.0 
6556.8603515625 -120.0 0.0 
6567.626953125 -120.0 0.0 
6578.3935546875 -120.0 0.0 
6589.16015625 -120.0 0.0 
6599.9267578125 -120.0 0.0 
6610.693359375 -120.0 0.0 
6621.4599609375 -38.315617434481 0.47246596611708 
6632.2265625 -120.0 0.0 
6642.9931640625 -120.0 0.0 
6653.759765625 -120.0 0.0 
6664.5263671875 -120.0 0.0 
6675.29296875 -120.0 0.0 
6686.0595703125 -120.0 0.0 
6696.826171875 -120.0 0.0 
6707.5927734375 -32.398869431215 0.4786021062063 
6718.359375 -120.0 0.0 
6729.1259765625 -120.0 0.0 
6739.892578125 -120.0 0.0 
6750.6591796875 -120.0 0.0 
6761.42578125 -120.0 0.0 
6772.1923828125 -120.0 0.0 
6782.958984375 -120.0 0.0 
6793.7255859375 -38.521054977255 0.48473719605969 
6804.4921875 -120.0 0.0 
6815.2587890625 -120.0 0.0 
6826.025390625 -120.0 0.0 
6836.7919921875 -120.0 0.0 
6847.55859375 -120.0 0.0 
6858.3251953125 -120.0 0.0 
6869.091796875 -120.0 0.0 
6879.8583984375 -14.5397942114 0.49087393136568 
6890.625 -120.0 0.0 
6901.3916015625 -120.0 0.0 
6912.158203125 -120.0 0.0 
6922.9248046875 -120.0 0.0 
6933.69140625 -120.0 0.0 
6944.4580078125 -120.0 0.0 
6955.224609375 -120.0 0.0 
6965.9912109375 -38.720470397603 0.4970096296625 
6976.7578125 -120.0 0.0 
6987.5244140625 -120.0 0.0 
6998.291015625 -120.0 0.0 
7009.0576171875 -120.0 0.0 
7019.82421875 -120.0 0.0 
7030.5908203125 -120.0 0.0 
7041.357421875 -120.0 0.0 
7052.1240234375 -32.797781594938 0.50314552756557 
7062.890625 -120.0 0.0 
7073.6572265625 -120.0 0.0 
7084.423828125 -120.0 0.0 
7095.1904296875 -120.0 0.0 
7105.95703125 -120.0 0.0 
7116.7236328125 -120.0 0.0 
7127.490234375 -120.0 0.0 
7138.2568359375 -38.914127968851 0.50928150108903 
7149.0234375 -120.0 0.0 
7159.7900390625 -120.0 0.0 
7170.556640625 -120.0 0.0 
7181.3232421875 -120.0 0.0 
7192.08984375 -120.0 0.0 
7202.8564453125 -120.0 0.0 
7213.623046875 -120.0 0.0 
7224.3896484375 -26.968259273464 0.51541756454096 
7235.15625 -120.0 0.0 
7245.9228515625 -120.0 0.0 
7256.689453125 -120.0 0.0 
7267.4560546875 -120.0 0.0 
7278.22265625 -120.0 0.0 
7288.9892578125 -120.0 0.0 
7299.755859375 -120.0 0.0 
7310.5224609375 -39.102283142498 0.52155346228477 
7321.2890625 -120.0 0.0 
7332.0556640625 -120.0 0.0 
7342.822265625 -120.0 0.0 
7353.5888671875 -120.0 0.0 
7364.35546875 -120.0 0.0 
7375.1220703125 -120.0 0.0 
7385.888671875 -120.0 0.0 
7396.6552734375 -33.174163507015 0.52768936455017 
7407.421875 -120.0 0.0 
7418.1884765625 -120.0 0.0 
7428.955078125 -120.0 0.0 
7439.7216796875 -120.0 0.0 
7450.48828125 -120.0 0.0 
7461.2548828125 -120.0 0.0 
7472.021484375 -120.0 0.0 
7482.7880859375 -39.285165163501 0.5338254275532 
7493.5546875 -120.0 0.0 
7504.3212890625 -120.0 0.0 
7515.087890625 -120.0 0.0 
7525.8544921875 -120.0 0.0 
7536.62109375 -120.0 0.0 
7547.3876953125 -120.0 0.0 
7558.154296875 -120.0 0.0 
7568.9208984375 -21.313606675938 0.53996114708171 
7579.6875 -120.0 0.0 
7590.4541015625 -120.0 0.0 
7601.220703125 -120.0 0.0 
7611.9873046875 -120.0 0.0 
7622.75390625 -120.0 0.0 
7633.5205078125 -120.0 0.0 
7644.287109375 -120.0 0.0 
7655.0537109375 -39.462995313166 0.54609718550839 
7665.8203125 -120.0 0.0 
7676.5869140625 -120.0 0.0 
7687.353515625 -120.0 0.0 
7698.1201171875 -120.0 0.0 
7708.88671875 -120.0 0.0 
7719.6533203125 -120.0 0.0 
7730.419921875 -120.0 0.0 
7741.1865234375 -33.529891594113 0.55223311220398 
7751.953125 -120.0 0.0 
7762.7197265625 -120.0 0.0 
7773.486328125 -120.0 0.0 
7784.2529296875 -120.0 0.0 
7795.01953125 -120.0 0.0 
7805.7861328125 -120.0 0.0 
7816.552734375 -120.0 0.0 
7827.3193359375 -39.635974151551 0.55836888469452 
7838.0859375 -120.0 0.0 
7848.8525390625 -120.0 0.0 
7859.619140625 -120.0 0.0 
7870.3857421875 -120.0 0.0 
7881.15234375 -120.0 0.0 
7891.9189453125 -120.0 0.0 
7902.685546875 -120.0 0.0 
7913.4521484375 -27.680135987067 0.56450504989711 
7924.21875 -120.0 0.0 
7934.9853515625 -120.0 0.0 
7945.751953125 -120.0 0.0 
7956.5185546875 -120.0 0.0 
7967.28515625 -120.0 0.0 
7978.0517578125 -120.0 0.0 
7988.818359375 -120.0 0.0 
7999.5849609375 -39.804293593484 0.57064074303788 
8010.3515625 -120.0 0.0 
8021.1181640625 -120.0 0.0 
8031.884765625 -120.0 0.0 
8042.6513671875 -120.0 0.0 
8053.41796875 -120.0 0.0 
8064.1845703125 -120.0 0.0 
8074.951171875 -120.0 0.0 
8085.7177734375 -33.86658822909 0.57677615309505 
8096.484375 -120.0 0.0 
8107.2509765625 -120.0 0.0 
8118.017578125 -120.0 0.0 
8128.7841796875 -120.0 0.0 
8139.55078125 -120.0 0.0 
8150.3173828125 -120.0 0.0 
8161.083984375 -120.0 0.0 
8171.8505859375 -39.968126434407 0.58291308615248 
8182.6171875 -120.0 0.0 
8193.3837890625 -120.0 0.0 
8204.150390625 -120.0 0.0 
8214.9169921875 -120.0 0.0 
8225.68359375 -120.0 0.0 
8236.4501953125 -120.0 0.0 
8247.216796875 -120.0 0.0 
8257.9833984375 -9.9462600567114 0.58904858517994 
8268.75 -120.0 0.0 
8279.5166015625 -120.0 0.0 
8290.283203125 -120.0 0.0 
8301.0498046875 -120.0 0.0 
8311.81640625 -120.0 0.0 
8322.5830078125 -120.0 0.0 
8333.349609375 -120.0 0.0 
8344.1162109375 -40.127643741714 0.59518447072109 
8354.8828125 -120.0 0.0 
8365.6494140625 -120.0 0.0 
8376.416015625 -120.0 0.0 
8387.1826171875 -120.0 0.0 
8397.94921875 -120.0 0.0 
8408.7158203125 -120.0 0.0 
8419.482421875 -120.0 0.0 
8430.2490234375 -34.185676019326 0.60132033940132 
8441.015625 -120.0 0.0 
8451.7822265625 -120.0 0.0 
8462.548828125 -120.0 0.0 
8473.3154296875 -120.0 0.0 
8484.08203125 -120.0 0.0 
8494.8486328125 -120.0 0.0 
8505.615234375 -120.0 0.0 
8516.3818359375 -40.282997639676 0.60745649477047 
8527.1484375 -120.0 0.0 
8537.9150390625 -120.0 0.0 
8548.681640625 -120.0 0.0 
8559.4482421875 -120.0 0.0 
8570.21484375 -120.0 0.0 
8580.9814453125 -120.0 0.0 
8591.748046875 -120.0 0.0 
8602.5146484375 -28.318640140684 0.61359238960374 
8613.28125 -120.0 0.0 
8624.0478515625 -120.0 0.0 
8634.814453125 -120.0 0.0 
8645.5810546875 -120.0 0.0 
8656.34765625 -120.0 0.0 
8667.1142578125 -120.0 0.0 
8677.880859375 -120.0 0.0 
8688.6474609375 -40.434337897518 0.61972841424258 
8699.4140625 -120.0 0.0 
8710.1806640625 -120.0 0.0 
8720.947265625 -120.0 0.0 
8731.7138671875 -120.0 0.0 
8742.48046875 -120.0 0.0 
8753.2470703125 -120.0 0.0 
8764.013671875 -120.0 0.0 
8774.7802734375 -34.488403627671 0.62586424602598 
8785.546875 -120.0 0.0 
8796.3134765625 -120.0 0.0 
8807.080078125 -120.0 0.0 
8817.8466796875 -120.0 0.0 
8828.61328125 -120.0 0.0 
8839.3798828125 -120.0 0.0 
8850.146484375 -120.0 0.0 
8860.9130859375 -40.581797386845 0.63200030592344 
8871.6796875 -120.0 0.0 
8882.4462890625 -120.0 0.0 
8893.212890625 -120.0 0.0 
8903.9794921875 -120.0 0.0 
8914.74609375 -120.0 0.0 
8925.5126953125 -120.0 0.0 
8936.279296875 -120.0 0.0 
8947.0458984375 -22.593133541254 0.63813594957235 
8957.8125 -120.0 0.0 
8968.5791015625 -120.0 0.0 
8979.345703125 -120.0 0.0 
8990.1123046875 -120.0 0.0 
9000.87890625 -120.0 0.0 
9011.6455078125 -120.0 0.0 
9022.412109375 -120.0 0.0 
9033.1787109375 -40.725509848578 0.64427188987169 
9043.9453125 -120.0 0.0 
9054.7119140625 -120.0 0.0 
9065.478515625 -120.0 0.0 
9076.2451171875 -120.0 0.0 
9087.01171875 -120.0 0.0 
9097.7783203125 -120.0 0.0 
9108.544921875 -120.0 0.0 
9119.3115234375 -34.775874942544 0.65040818565513 
9130.078125 -120.0 0.0 
9140.8447265625 -120.0 0.0 
9151.611328125 -120.0 0.0 
9162.3779296875 -120.0 0.0 
9173.14453125 -120.0 0.0 
9183.9111328125 -120.0 0.0 
9194.677734375 -120.0 0.0 
9205.4443359375 -40.8655943633 0.65654363896205 
9216.2109375 -120.0 0.0 
9226.9775390625 -120.0 0.0 
9237.744140625 -120.0 0.0 
9248.5107421875 -120.0 0.0 
9259.27734375 -120.0 0.0 
9270.0439453125 -120.0 0.0 
9280.810546875 -120.0 0.0 
9291.5771484375 -28.893838868668 0.66267954127705 
9302.34375 -120.0 0.0 
9313.1103515625 -120.0 0.0 
9323.876953125 -120.0 0.0 
9334.6435546875 -120.0 0.0 
9345.41015625 -120.0 0.0 
9356.1767578125 -120.0 0.0 
9366.943359375 -120.0 0.0 
9377.7099609375 -41.002169016862 0.66881541709742 
9388.4765625 -120.0 0.0 
9399.2431640625 -120.0 0.0 
9410.009765625 -120.0 0.0 
9420.7763671875 -120.0 0.0 
9431.54296875 -120.0 0.0 
9442.3095703125 -120.0 0.0 
9453.076171875 -120.0 0.0 
9463.8427734375 -35.049065198866 0.67495131581988 
9474.609375 -120.0 0.0 
9485.3759765625 -120.0 0.0 
9496.142578125 -120.0 0.0 
9506.9091796875 -120.0 0.0 
9517.67578125 -120.0 0.0 
9528.4423828125 -120.0 0.0 
9539.208984375 -120.0 0.0 
9549.9755859375 -41.135340402392 0.68108691914679 
9560.7421875 -120.0 0.0 
9571.5087890625 -120.0 0.0 
9582.275390625 -120.0 0.0 
9593.0419921875 -120.0 0.0 
9603.80859375 -120.0 0.0 
9614.5751953125 -120.0 0.0 
9625.341796875 -120.0 0.0 
9636.1083984375 -17.119218159933 0.68722355615594 
9646.875 -120.0 0.0 
9657.6416015625 -120.0 0.0 
9668.408203125 -120.0 0.0 
9679.1748046875 -120.0 0.0 
9689.94140625 -120.0 0.0 
9700.7080078125 -120.0 0.0 
9711.474609375 -120.0 0.0 
9722.2412109375 -41.265212482137 0.69335878343547 
9733.0078125 -120.0 0.0 
9743.7744140625 -120.0 0.0 
9754.541015625 -120.0 0.0 
9765.3076171875 -120.0 0.0 
9776.07421875 -120.0 0.0 
9786.8408203125 -120.0 0.0 
9797.607421875 -120.0 0.0 
9808.3740234375 -35.308848217635 0.6994950817258 
9819.140625 -120.0 0.0 
9829.9072265625 -120.0 0.0 
9840.673828125 -120.0 0.0 
9851.4404296875 -120.0 0.0 
9862.20703125 -120.0 0.0 
9872.9736328125 -120.0 0.0 
9883.740234375 -120.0 0.0 
9894.5068359375 -41.391881566053 0.705631450504 
9905.2734375 -120.0 0.0 
9916.0400390625 -120.0 0.0 
9926.806640625 -120.0 0.0 
9937.5732421875 -120.0 0.0 
9948.33984375 -120.0 0.0 
9959.1064453125 -120.0 0.0 
9969.873046875 -120.0 0.0 
9980.6396484375 -29.413615166742 0.7117671018738 
9991.40625 -120.0 0.0 
10002.172851562 -120.0 0.0 
10012.939453125 -120.0 0.0 
10023.706054688 -120.0 0.0 
10034.47265625 -120.0 0.0 
10045.239257812 -120.0 0.0 
10056.005859375 -120.0 0.0 
10066.772460938 -41.515439948385 0.71790293063619 
10077.5390625 -120.0 0.0 
10088.305664062 -120.0 0.0 
10099.072265625 -120.0 0.0 
10109.838867188 -120.0 0.0 
10120.60546875 -120.0 0.0 
10131.372070312 -120.0 0.0 
10142.138671875 -120.0 0.0 
10152.905273438 -35.555999735245 0.72403842248803 
10163.671875 -120.0 0.0 
10174.438476562 -120.0 0.0 
10185.205078125 -120.0 0.0 
10195.971679688 -120.0 0.0 
10206.73828125 -120.0 0.0 
10217.504882812 -120.0 0.0 
10228.271484375 -120.0 0.0 
10239.038085938 -41.635974843096 0.73017477671496 
10249.8046875 -120.0 0.0 
10260.571289062 -120.0 0.0 
10271.337890625 -120.0 0.0 
10282.104492188 -120.0 0.0 
10292.87109375 -120.0 0.0 
10303.637695312 -120.0 0.0 
10314.404296875 -120.0 0.0 
10325.170898438 -23.634259175097 0.73631011912054 
10335.9375 -120.0 0.0 
10346.704101562 -120.0 0.0 
10357.470703125 -120.0 0.0 
10368.237304688 -120.0 0.0 
10379.00390625 -120.0 0.0 
10389.770507812 -120.0 0.0 
10400.537109375 -120.0 0.0 
10411.303710938 -41.753571838743 0.74244695072963 
10422.0703125 -120.0 0.0 
10432.836914062 -120.0 0.0 
10443.603515625 -120.0 0.0 
10454.370117188 -120.0 0.0 
10465.13671875 -120.0 0.0 
10475.903320312 -120.0 0.0 
10486.669921875 -120.0 0.0 
10497.436523438 -35.791226620365 0.74858258433641 
10508.203125 -120.0 0.0 
10518.969726562 -120.0 0.0 
10529.736328125 -120.0 0.0 
10540.502929688 -120.0 0.0 
10551.26953125 -120.0 0.0 
10562.036132812 -120.0 0.0 
10572.802734375 -120.0 0.0 
10583.569335938 -41.868302459041 0.75471840353316 
10594.3359375 -120.0 0.0 
10605.102539062 -120.0 0.0 
10615.869140625 -120.0 0.0 
10626.635742188 -120.0 0.0 
10637.40234375 -120.0 0.0 
10648.168945312 -120.0 0.0 
10658.935546875 -120.0 0.0 
10669.702148438 -29.884234160321 0.76085487617494 
10680.46875 -120.0 0.0 
10691.235351562 -120.0 0.0 
10702.001953125 -120.0 0.0 
10712.768554688 -120.0 0.0 
10723.53515625 -120.0 0.0 
10734.301757812 -120.0 0.0 
10745.068359375 -120.0 0.0 
10755.834960938 -41.980249358142 0.76698933509082 
10766.6015625 -120.0 0.0 
10777.368164062 -120.0 0.0 
10788.134765625 -120.0 0.0 
10798.901367188 -120.0 0.0 
10809.66796875 -120.0 0.0 
10820.434570312 -120.0 0.0 
10831.201171875 -120.0 0.0 
10841.967773438 -36.015148474913 0.77312646162595 
10852.734375 -120.0 0.0 
10863.500976562 -120.0 0.0 
10874.267578125 -120.0 0.0 
10885.034179688 -120.0 0.0 
10895.80078125 -120.0 0.0 
10906.567382812 -120.0 0.0 
10917.333984375 -120.0 0.0 
10928.100585938 -42.089479361205 0.77926255518802 
10938.8671875 -120.0 0.0 
10949.633789062 -120.0 0.0 
10960.400390625 -120.0 0.0 
10971.166992188 -120.0 0.0 
10981.93359375 -120.0 0.0 
10992.700195312 -120.0 0.0 
11003.466796875 -120.0 0.0 
11014.233398438 0.0 0.78539816339745 
11025.0 -120.0 0.0 
11035.766601562 -120.0 0.0 
11046.533203125 -120.0 0.0 
11057.299804688 -120.0 0.0 
11068.06640625 -120.0 0.0 
11078.833007812 -120.0 0.0 
11089.599609375 -120.0 0.0 
11100.366210938 -42.196060833796 0.79153407186688 
11111.1328125 -120.0 0.0 
11121.899414062 -120.0 0.0 
11132.666015625 -120.0 0.0 
11143.432617188 -120.0 0.0 
11154.19921875 -120.0 0.0 
11164.965820312 -120.0 0.0 
11175.732421875 -120.0 0.0 
11186.499023438 -36.228341059967 0.79766987644395 
11197.265625 -120.0 0.0 
11208.032226562 -120.0 0.0 
11218.798828125 -120.0 0.0 
11229.565429688 -120.0 0.0 
11240.33203125 -120.0 0.0 
11251.098632812 -120.0 0.0 
11261.865234375 -120.0 0.0 
11272.631835938 -42.300056453254 0.80380561887467 
11283.3984375 -120.0 0.0 
11294.165039062 -120.0 0.0 
11304.931640625 -120.0 0.0 
11315.698242188 -120.0 0.0 
11326.46484375 -120.0 0.0 
11337.231445312 -120.0 0.0 
11347.998046875 -120.0 0.0 
11358.764648438 -30.310760236001 0.80994184383601 
11369.53125 -120.0 0.0 
11380.297851562 -120.0 0.0 
11391.064453125 -120.0 0.0 
11401.831054688 -120.0 0.0 
11412.59765625 -120.0 0.0 
11423.364257812 -120.0 0.0 
11434.130859375 -120.0 0.0 
11444.897460938 -42.401529800733 0.81607812360421 
11455.6640625 -120.0 0.0 
11466.430664062 -120.0 0.0 
11477.197265625 -120.0 0.0 
11487.963867188 -120.0 0.0 
11498.73046875 -120.0 0.0 
11509.497070312 -120.0 0.0 
11520.263671875 -120.0 0.0 
11531.030273438 -36.431315169884 0.82221372031187 
11541.796875 -120.0 0.0 
11552.563476562 -120.0 0.0 
11563.330078125 -120.0 0.0 
11574.096679688 -120.0 0.0 
11584.86328125 -120.0 0.0 
11595.629882812 -120.0 0.0 
11606.396484375 -120.0 0.0 
11617.163085938 -42.50053770738 0.82834982372551 
11627.9296875 -120.0 0.0 
11638.696289062 -120.0 0.0 
11649.462890625 -120.0 0.0 
11660.229492188 -120.0 0.0 
11670.99609375 -120.0 0.0 
11681.762695312 -120.0 0.0 
11692.529296875 -120.0 0.0 
11703.295898438 -24.488354535217 0.83448541003668 
11714.0625 -120.0 0.0 
11724.829101562 -120.0 0.0 
11735.595703125 -120.0 0.0 
11746.362304688 -120.0 0.0 
11757.12890625 -120.0 0.0 
11767.895507812 -120.0 0.0 
11778.662109375 -120.0 0.0 
11789.428710938 -42.597137655672 0.84062134359168 
11800.1953125 -120.0 0.0 
11810.961914062 -120.0 0.0 
11821.728515625 -120.0 0.0 
11832.495117188 -120.0 0.0 
11843.26171875 -120.0 0.0 
11854.028320312 -120.0 0.0 
11864.794921875 -120.0 0.0 
11875.561523438 -36.624537466558 0.84675751293277 
11886.328125 -120.0 0.0 
11897.094726562 -120.0 0.0 
11907.861328125 -120.0 0.0 
11918.627929688 -120.0 0.0 
11929.39453125 -120.0 0.0 
11940.161132812 -120.0 0.0 
11950.927734375 -120.0 0.0 
11961.694335938 -42.691379010225 0.85289316795819 
11972.4609375 -120.0 0.0 
11983.227539062 -120.0 0.0 
11993.994140625 -120.0 0.0 
12004.760742188 -120.0 0.0 
12015.52734375 -120.0 0.0 
12026.293945312 -120.0 0.0 
12037.060546875 -120.0 0.0 
12047.827148438 -30.697324499537 0.85902928716105 
12058.59375 -120.0 0.0 
12069.360351562 -120.0 0.0 
12080.126953125 -120.0 0.0 
12090.893554688 -120.0 0.0 
12101.66015625 -120.0 0.0 
12112.426757812 -120.0 0.0 
12123.193359375 -120.0 0.0 
12133.959960938 -42.783314297296 0.86516503913985 
12144.7265625 -120.0 0.0 
12155.493164062 -120.0 0.0 
12166.259765625 -120.0 0.0 
12177.026367188 -120.0 0.0 
12187.79296875 -120.0 0.0 
12198.559570312 -120.0 0.0 
12209.326171875 -120.0 0.0 
12220.092773438 -36.808434497055 0.87130119990987 
12230.859375 -120.0 0.0 
12241.625976562 -120.0 0.0 
12252.392578125 -120.0 0.0 
12263.159179688 -120.0 0.0 
12273.92578125 -120.0 0.0 
12284.692382812 -120.0 0.0 
12295.458984375 -120.0 0.0 
12306.225585938 -42.872993342385 0.87743637716257 
12316.9921875 -120.0 0.0 
12327.758789062 -120.0 0.0 
12338.525390625 -120.0 0.0 
12349.291992188 -120.0 0.0 
12360.05859375 -120.0 0.0 
12370.825195312 -120.0 0.0 
12381.591796875 -120.0 0.0 
12392.358398438 -18.835741378609 0.88357284036623 
12403.125 -120.0 0.0 
12413.891601562 -120.0 0.0 
12424.658203125 -120.0 0.0 
12435.424804688 -120.0 0.0 
12446.19140625 -120.0 0.0 
12456.958007812 -120.0 0.0 
12467.724609375 -120.0 0.0 
12478.491210938 -42.960460480848 0.88970883273153 
12489.2578125 -120.0 0.0 
12500.024414062 -120.0 0.0 
12510.791015625 -120.0 0.0 
12521.557617188 -120.0 0.0 
12532.32421875 -120.0 0.0 
12543.090820312 -120.0 0.0 
12553.857421875 -120.0 0.0 
12564.624023438 -36.983395368861 0.89584475165715 
12575.390625 -120.0 0.0 
12586.157226562 -120.0 0.0 
12596.923828125 -120.0 0.0 
12607.690429688 -120.0 0.0 
12618.45703125 -120.0 0.0 
12629.223632812 -120.0 0.0 
12639.990234375 -120.0 0.0 
12650.756835938 -43.045760060646 0.9019806105389 
12661.5234375 -120.0 0.0 
12672.290039062 -120.0 0.0 
12683.056640625 -120.0 0.0 
12693.823242188 -120.0 0.0 
12704.58984375 -120.0 0.0 
12715.356445312 -120.0 0.0 
12726.123046875 -120.0 0.0 
12736.889648438 -31.047341109144 0.90811664497697 
12747.65625 -120.0 0.0 
12758.422851562 -120.0 0.0 
12769.189453125 -120.0 0.0 
12779.956054688 -120.0 0.0 
12790.72265625 -120.0 0.0 
12801.489257812 -120.0 0.0 
12812.255859375 -120.0 0.0 
12823.022460938 -43.128935694158 0.91425255692311 
12833.7890625 -120.0 0.0 
12844.555664062 -120.0 0.0 
12855.322265625 -120.0 0.0 
12866.088867188 -120.0 0.0 
12876.85546875 -120.0 0.0 
12887.622070312 -120.0 0.0 
12898.388671875 -120.0 0.0 
12909.155273438 -37.149764741464 0.92038841492169 
12919.921875 -120.0 0.0 
12930.688476562 -120.0 0.0 
12941.455078125 -120.0 0.0 
12952.221679688 -120.0 0.0 
12962.98828125 -120.0 0.0 
12973.754882812 -120.0 0.0 
12984.521484375 -120.0 0.0 
12995.288085938 -43.210025732569 0.92652455734969 
13006.0546875 -120.0 0.0 
13016.821289062 -120.0 0.0 
13027.587890625 -120.0 0.0 
13038.354492188 -120.0 0.0 
13049.12109375 -120.0 0.0 
13059.887695312 -120.0 0.0 
13070.654296875 -120.0 0.0 
13081.420898438 -25.18910657606 0.93266024998176 
13092.1875 -120.0 0.0 
13102.954101562 -120.0 0.0 
13113.720703125 -120.0 0.0 
13124.487304688 -120.0 0.0 
13135.25390625 -120.0 0.0 
13146.020507812 -120.0 0.0 
13156.787109375 -120.0 0.0 
13167.553710938 -43.28907087395 0.93879631938294 
13178.3203125 -120.0 0.0 
13189.086914062 -120.0 0.0 
13199.853515625 -120.0 0.0 
13210.620117188 -120.0 0.0 
13221.38671875 -120.0 0.0 
13232.153320312 -120.0 0.0 
13242.919921875 -120.0 0.0 
13253.686523438 -37.307873759556 0.94493206459904 
13264.453125 -120.0 0.0 
13275.219726562 -120.0 0.0 
13285.986328125 -120.0 0.0 
13296.752929688 -120.0 0.0 
13307.51953125 -120.0 0.0 
13318.286132812 -120.0 0.0 
13329.052734375 -120.0 0.0 
13339.819335938 -43.366103744987 0.95106796187906 
13350.5859375 -120.0 0.0 
13361.352539062 -120.0 0.0 
13372.119140625 -120.0 0.0 
13382.885742188 -120.0 0.0 
13393.65234375 -120.0 0.0 
13404.418945312 -120.0 0.0 
13415.185546875 -120.0 0.0 
13425.952148438 -31.363643604157 0.95720417869268 
13436.71875 -120.0 0.0 
13447.485351562 -120.0 0.0 
13458.251953125 -120.0 0.0 
13469.018554688 -120.0 0.0 
13479.78515625 -120.0 0.0 
13490.551757812 -120.0 0.0 
13501.318359375 -120.0 0.0 
13512.084960938 -43.441165966784 0.96333985279137 
13522.8515625 -120.0 0.0 
13533.618164062 -120.0 0.0 
13544.384765625 -120.0 0.0 
13555.151367188 -120.0 0.0 
13565.91796875 -120.0 0.0 
13576.684570312 -120.0 0.0 
13587.451171875 -120.0 0.0 
13598.217773438 -37.458013459444 0.9694751257477 
13608.984375 -120.0 0.0 
13619.750976562 -120.0 0.0 
13630.517578125 -120.0 0.0 
13641.284179688 -120.0 0.0 
13652.05078125 -120.0 0.0 
13662.817382812 -120.0 0.0 
13673.583984375 -120.0 0.0 
13684.350585938 -43.514285607402 0.97561219827094 
13695.1171875 -120.0 0.0 
13705.883789062 -120.0 0.0 
13716.650390625 -120.0 0.0 
13727.416992188 -120.0 0.0 
13738.18359375 -120.0 0.0 
13748.950195312 -120.0 0.0 
13759.716796875 -120.0 0.0 
13770.483398438 -13.448394954513 0.98174765350843 
13781.25 -120.0 0.0 
13792.016601562 -120.0 0.0 
13802.783203125 -120.0 0.0 
13813.549804688 -120.0 0.0 
13824.31640625 -120.0 0.0 
13835.083007812 -120.0 0.0 
13845.849609375 -120.0 0.0 
13856.616210938 -43.585499772427 0.98788355893096 
13867.3828125 -120.0 0.0 
13878.149414062 -120.0 0.0 
13888.916015625 -120.0 0.0 
13899.682617188 -120.0 0.0 
13910.44921875 -120.0 0.0 
13921.215820312 -120.0 0.0 
13931.982421875 -120.0 0.0 
13942.749023438 -37.600458815914 0.99401943781563 
13953.515625 -120.0 0.0 
13964.282226562 -120.0 0.0 
13975.048828125 -120.0 0.0 
13985.815429688 -120.0 0.0 
13996.58203125 -120.0 0.0 
14007.348632812 -120.0 0.0 
14018.115234375 -120.0 0.0 
14028.881835938 -43.654835754497 1.000155541211 
14039.6484375 -120.0 0.0 
14050.415039062 -120.0 0.0 
14061.181640625 -120.0 0.0 
14071.948242188 -120.0 0.0 
14082.71484375 -120.0 0.0 
14093.481445312 -120.0 0.0 
14104.248046875 -120.0 0.0 
14115.014648438 -31.648605695889 1.0062913256566 
14125.78125 -120.0 0.0 
14136.547851562 -120.0 0.0 
14147.314453125 -120.0 0.0 
14158.081054688 -120.0 0.0 
14168.84765625 -120.0 0.0 
14179.614257812 -120.0 0.0 
14190.380859375 -120.0 0.0 
14201.147460938 -43.722325932336 1.0124275247349 
14211.9140625 -120.0 0.0 
14222.680664062 -120.0 0.0 
14233.447265625 -120.0 0.0 
14244.213867188 -120.0 0.0 
14254.98046875 -120.0 0.0 
14265.747070312 -120.0 0.0 
14276.513671875 -120.0 0.0 
14287.280273438 -37.735455374766 1.0185632739134 
14298.046875 -120.0 0.0 
14308.813476562 -120.0 0.0 
14319.580078125 -120.0 0.0 
14330.346679688 -120.0 0.0 
14341.11328125 -120.0 0.0 
14351.879882812 -120.0 0.0 
14362.646484375 -120.0 0.0 
14373.413085938 -43.787996132778 1.0246992213334 
14384.1796875 -120.0 0.0 
14394.946289062 -120.0 0.0 
14405.712890625 -120.0 0.0 
14416.479492188 -120.0 0.0 
14427.24609375 -120.0 0.0 
14438.012695312 -120.0 0.0 
14448.779296875 -120.0 0.0 
14459.545898438 -25.759538979649 1.0308351253899 
14470.3125 -120.0 0.0 
14481.079101562 -120.0 0.0 
14491.845703125 -120.0 0.0 
14502.612304688 -120.0 0.0 
14513.37890625 -120.0 0.0 
14524.145507812 -120.0 0.0 
14534.912109375 -120.0 0.0 
14545.678710938 -43.851875714628 1.0369708958992 
14556.4453125 -120.0 0.0 
14567.211914062 -120.0 0.0 
14577.978515625 -120.0 0.0 
14588.745117188 -120.0 0.0 
14599.51171875 -120.0 0.0 
14610.278320312 -120.0 0.0 
14621.044921875 -120.0 0.0 
14631.811523438 -37.863231744189 1.0431069906179 
14642.578125 -120.0 0.0 
14653.344726562 -120.0 0.0 
14664.111328125 -120.0 0.0 
14674.877929688 -120.0 0.0 
14685.64453125 -120.0 0.0 
14696.411132812 -120.0 0.0 
14707.177734375 -120.0 0.0 
14717.944335938 -43.91399084359 1.0492427763166 
14728.7109375 -120.0 0.0 
14739.477539062 -120.0 0.0 
14750.244140625 -120.0 0.0 
14761.010742188 -120.0 0.0 
14771.77734375 -120.0 0.0 
14782.543945312 -120.0 0.0 
14793.310546875 -120.0 0.0 
14804.077148438 -31.904220420363 1.0553786935557 
14814.84375 -120.0 0.0 
14825.610351562 -120.0 0.0 
14836.376953125 -120.0 0.0 
14847.143554688 -120.0 0.0 
14857.91015625 -120.0 0.0 
14868.676757812 -120.0 0.0 
14879.443359375 -120.0 0.0 
14890.209960938 -43.974366516179 1.0615147467477 
14900.9765625 -120.0 0.0 
14911.743164062 -120.0 0.0 
14922.509765625 -120.0 0.0 
14933.276367188 -120.0 0.0 
14944.04296875 -120.0 0.0 
14954.809570312 -120.0 0.0 
14965.576171875 -120.0 0.0 
14976.342773438 -37.98399718909 1.0676507667302 
14987.109375 -120.0 0.0 
14997.875976562 -120.0 0.0 
15008.642578125 -120.0 0.0 
15019.409179688 -120.0 0.0 
15030.17578125 -120.0 0.0 
15040.942382812 -120.0 0.0 
15051.708984375 -120.0 0.0 
15062.475585938 -44.033024335272 1.0737859355395 
15073.2421875 -120.0 0.0 
15084.008789062 -120.0 0.0 
15094.775390625 -120.0 0.0 
15105.541992188 -120.0 0.0 
15116.30859375 -120.0 0.0 
15127.075195312 -120.0 0.0 
15137.841796875 -120.0 0.0 
15148.608398438 -19.980618510042 1.079922461312 
15159.375 -120.0 0.0 
15170.141601562 -120.0 0.0 
15180.908203125 -120.0 0.0 
15191.674804688 -120.0 0.0 
15202.44140625 -120.0 0.0 
15213.208007812 -120.0 0.0 
15223.974609375 -120.0 0.0 
15234.741210938 -44.089991284369 1.0860583870564 
15245.5078125 -120.0 0.0 
15256.274414062 -120.0 0.0 
15267.041015625 -120.0 0.0 
15277.807617188 -120.0 0.0 
15288.57421875 -120.0 0.0 
15299.340820312 -120.0 0.0 
15310.107421875 -120.0 0.0 
15320.874023438 -38.097945310066 1.09219437874 
15331.640625 -120.0 0.0 
15342.407226562 -120.0 0.0 
15353.173828125 -120.0 0.0 
15363.940429688 -120.0 0.0 
15374.70703125 -120.0 0.0 
15385.473632812 -120.0 0.0 
15396.240234375 -120.0 0.0 
15407.006835938 -44.145286743849 1.0983303232228 
15417.7734375 -120.0 0.0 
15428.540039062 -120.0 0.0 
15439.306640625 -120.0 0.0 
15450.073242188 -120.0 0.0 
15460.83984375 -120.0 0.0 
15471.606445312 -120.0 0.0 
15482.373046875 -120.0 0.0 
15493.139648438 -32.132168158512 1.10446613922 
15503.90625 -120.0 0.0 
15514.672851562 -120.0 0.0 
15525.439453125 -120.0 0.0 
15536.206054688 -120.0 0.0 
15546.97265625 -120.0 0.0 
15557.739257812 -120.0 0.0 
15568.505859375 -120.0 0.0 
15579.272460938 -44.198933077827 1.1106021109096 
15590.0390625 -120.0 0.0 
15600.805664062 -120.0 0.0 
15611.572265625 -120.0 0.0 
15622.338867188 -120.0 0.0 
15633.10546875 -120.0 0.0 
15643.872070312 -120.0 0.0 
15654.638671875 -120.0 0.0 
15665.405273438 -38.205250262337 1.1167378779231 
15676.171875 -120.0 0.0 
15686.938476562 -120.0 0.0 
15697.705078125 -120.0 0.0 
15708.471679688 -120.0 0.0 
15719.23828125 -120.0 0.0 
15730.004882812 -120.0 0.0 
15740.771484375 -120.0 0.0 
15751.538085938 -44.250949833686 1.1228737021001 
15762.3046875 -120.0 0.0 
15773.071289062 -120.0 0.0 
15783.837890625 -120.0 0.0 
15794.604492188 -120.0 0.0 
15805.37109375 -120.0 0.0 
15816.137695312 -120.0 0.0 
15826.904296875 -120.0 0.0 
15837.670898438 -26.215797606912 1.1290100236785 
15848.4375 -120.0 0.0 
15859.204101562 -120.0 0.0 
15869.970703125 -120.0 0.0 
15880.737304688 -120.0 0.0 
15891.50390625 -120.0 0.0 
15902.270507812 -120.0 0.0 
15913.037109375 -120.0 0.0 
15923.803710938 -44.301358510989 1.1351455953797 
15934.5703125 -120.0 0.0 
15945.336914062 -120.0 0.0 
15956.103515625 -120.0 0.0 
15966.870117188 -120.0 0.0 
15977.63671875 -120.0 0.0 
15988.403320312 -120.0 0.0 
15999.169921875 -120.0 0.0 
16009.936523438 -38.306078126236 1.1412816481083 
16020.703125 -120.0 0.0 
16031.469726562 -120.0 0.0 
16042.236328125 -120.0 0.0 
16053.002929688 -120.0 0.0 
16063.76953125 -120.0 0.0 
16074.536132812 -120.0 0.0 
16085.302734375 -120.0 0.0 
16096.069335938 -44.35017065262 1.1474171901295 
16106.8359375 -120.0 0.0 
16117.602539062 -120.0 0.0 
16128.369140625 -120.0 0.0 
16139.135742188 -120.0 0.0 
16149.90234375 -120.0 0.0 
16160.668945312 -120.0 0.0 
16171.435546875 -120.0 0.0 
16182.202148438 -32.333866149432 1.1535528775972 
16192.96875 -120.0 0.0 
16203.735351562 -120.0 0.0 
16214.501953125 -120.0 0.0 
16225.268554688 -120.0 0.0 
16236.03515625 -120.0 0.0 
16246.801757812 -120.0 0.0 
16257.568359375 -120.0 0.0 
16268.334960938 -44.397414988843 1.1596893808641 
16279.1015625 -120.0 0.0 
16289.868164062 -120.0 0.0 
16300.634765625 -120.0 0.0 
16311.401367188 -120.0 0.0 
16322.16796875 -120.0 0.0 
16332.934570312 -120.0 0.0 
16343.701171875 -120.0 0.0 
16354.467773438 -38.400572544338 1.1658257498448 
16365.234375 -120.0 0.0 
16376.000976562 -120.0 0.0 
16386.767578125 -120.0 0.0 
16397.534179688 -120.0 0.0 
16408.30078125 -120.0 0.0 
16419.067382812 -120.0 0.0 
16429.833984375 -120.0 0.0 
16440.600585938 -44.443097807807 1.1719614814347 
16451.3671875 -120.0 0.0 
16462.133789062 -120.0 0.0 
16472.900390625 -120.0 0.0 
16483.666992188 -120.0 0.0 
16494.43359375 -120.0 0.0 
16505.200195312 -120.0 0.0 
16515.966796875 -120.0 0.0 
16526.733398438 -8.3431926026042 1.1780971966467 
16537.5 -120.0 0.0 
16548.266601562 -120.0 0.0 
16559.033203125 -120.0 0.0 
16569.799804688 -120.0 0.0 
16580.56640625 -120.0 0.0 
16591.333007812 -120.0 0.0 
16602.099609375 -120.0 0.0 
16612.866210938 -44.487244360622 1.1842329416523 
16623.6328125 -120.0 0.0 
16634.399414062 -120.0 0.0 
16645.166015625 -120.0 0.0 
16655.932617188 -120.0 0.0 
16666.69921875 -120.0 0.0 
16677.465820312 -120.0 0.0 
16688.232421875 -120.0 0.0 
16698.999023438 -38.488874698175 1.1903690163048 
16709.765625 -120.0 0.0 
16720.532226562 -120.0 0.0 
16731.298828125 -120.0 0.0 
16742.065429688 -120.0 0.0 
16752.83203125 -120.0 0.0 
16763.598632812 -120.0 0.0 
16774.365234375 -120.0 0.0 
16785.131835938 -44.529864674265 1.1965049124224 
16795.8984375 -120.0 0.0 
16806.665039062 -120.0 0.0 
16817.431640625 -120.0 0.0 
16828.198242188 -120.0 0.0 
16838.96484375 -120.0 0.0 
16849.731445312 -120.0 0.0 
16860.498046875 -120.0 0.0 
16871.264648438 -32.510508041907 1.20264081434 
16882.03125 -120.0 0.0 
16892.797851562 -120.0 0.0 
16903.564453125 -120.0 0.0 
16914.331054688 -120.0 0.0 
16925.09765625 -120.0 0.0 
16935.864257812 -120.0 0.0 
16946.630859375 -120.0 0.0 
16957.397460938 -44.570974629976 1.2087770551635 
16968.1640625 -120.0 0.0 
16978.930664062 -120.0 0.0 
16989.697265625 -120.0 0.0 
17000.463867188 -120.0 0.0 
17011.23046875 -120.0 0.0 
17021.997070312 -120.0 0.0 
17032.763671875 -120.0 0.0 
17043.530273438 -38.57110609064 1.2149129104192 
17054.296875 -120.0 0.0 
17065.063476562 -120.0 0.0 
17075.830078125 -120.0 0.0 
17086.596679688 -120.0 0.0 
17097.36328125 -120.0 0.0 
17108.129882812 -120.0 0.0 
17118.896484375 -120.0 0.0 
17129.663085938 -44.610589576641 1.2210488398203 
17140.4296875 -120.0 0.0 
17151.196289062 -120.0 0.0 
17161.962890625 -120.0 0.0 
17172.729492188 -120.0 0.0 
17183.49609375 -120.0 0.0 
17194.262695312 -120.0 0.0 
17205.029296875 -120.0 0.0 
17215.795898438 -26.569337604995 1.2271846976663 
17226.5625 -120.0 0.0 
17237.329101562 -120.0 0.0 
17248.095703125 -120.0 0.0 
17258.862304688 -120.0 0.0 
17269.62890625 -120.0 0.0 
17280.395507812 -120.0 0.0 
17291.162109375 -120.0 0.0 
17301.928710938 -44.648725091661 1.2333206894729 
17312.6953125 -120.0 0.0 
17323.461914062 -120.0 0.0 
17334.228515625 -120.0 0.0 
17344.995117188 -120.0 0.0 
17355.76171875 -120.0 0.0 
17366.528320312 -120.0 0.0 
17377.294921875 -120.0 0.0 
17388.061523438 -38.6473829639 1.2394566453665 
17398.828125 -120.0 0.0 
17409.594726562 -120.0 0.0 
17420.361328125 -120.0 0.0 
17431.127929688 -120.0 0.0 
17441.89453125 -120.0 0.0 
17452.661132812 -120.0 0.0 
17463.427734375 -120.0 0.0 
17474.194335938 -44.685387685999 1.2455923622031 
17484.9609375 -120.0 0.0 
17495.727539062 -120.0 0.0 
17506.494140625 -120.0 0.0 
17517.260742188 -120.0 0.0 
17528.02734375 -120.0 0.0 
17538.793945312 -120.0 0.0 
17549.560546875 -120.0 0.0 
17560.327148438 -32.663092877396 1.2517283780988 
17571.09375 -120.0 0.0 
17581.860351562 -120.0 0.0 
17592.626953125 -120.0 0.0 
17603.393554688 -120.0 0.0 
17614.16015625 -120.0 0.0 
17624.926757812 -120.0 0.0 
17635.693359375 -120.0 0.0 
17646.459960938 -44.720595024066 1.2578640970199 
17657.2265625 -120.0 0.0 
17667.993164062 -120.0 0.0 
17678.759765625 -120.0 0.0 
17689.526367188 -120.0 0.0 
17700.29296875 -120.0 0.0 
17711.059570312 -120.0 0.0 
17721.826171875 -120.0 0.0 
17732.592773438 -38.717806637643 1.264000337801 
17743.359375 -120.0 0.0 
17754.125976562 -120.0 0.0 
17764.892578125 -120.0 0.0 
17775.659179688 -120.0 0.0 
17786.42578125 -120.0 0.0 
17797.192382812 -120.0 0.0 
17807.958984375 -120.0 0.0 
17818.725585938 -44.754356100103 1.2701352973943 
17829.4921875 -120.0 0.0 
17840.258789062 -120.0 0.0 
17851.025390625 -120.0 0.0 
17861.791992188 -120.0 0.0 
17872.55859375 -120.0 0.0 
17883.325195312 -120.0 0.0 
17894.091796875 -120.0 0.0 
17904.858398438 -20.689712556322 1.2762719592994 
17915.625 -120.0 0.0 
17926.391601562 -120.0 0.0 
17937.158203125 -120.0 0.0 
17947.924804688 -120.0 0.0 
17958.69140625 -120.0 0.0 
17969.458007812 -120.0 0.0 
17980.224609375 -120.0 0.0 
17990.991210938 -44.786688245959 1.2824078293374 
18001.7578125 -120.0 0.0 
18012.524414062 -120.0 0.0 
18023.291015625 -120.0 0.0 
18034.057617188 -120.0 0.0 
18044.82421875 -120.0 0.0 
18055.590820312 -120.0 0.0 
18066.357421875 -120.0 0.0 
18077.124023438 -38.782473139494 1.2885438017301 
18087.890625 -120.0 0.0 
18098.657226562 -120.0 0.0 
18109.423828125 -120.0 0.0 
18120.190429688 -120.0 0.0 
18130.95703125 -120.0 0.0 
18141.723632812 -120.0 0.0 
18152.490234375 -120.0 0.0 
18163.256835938 -44.817593938408 1.2946797265555 
18174.0234375 -120.0 0.0 
18184.790039062 -120.0 0.0 
18195.556640625 -120.0 0.0 
18206.323242188 -120.0 0.0 
18217.08984375 -120.0 0.0 
18227.856445312 -120.0 0.0 
18238.623046875 -120.0 0.0 
18249.389648438 -32.792452361296 1.3008158103203 
18260.15625 -120.0 0.0 
18270.922851562 -120.0 0.0 
18281.689453125 -120.0 0.0 
18292.456054688 -120.0 0.0 
18303.22265625 -120.0 0.0 
18313.989257812 -120.0 0.0 
18324.755859375 -120.0 0.0 
18335.522460938 -44.847088380602 1.3069518534515 
18346.2890625 -120.0 0.0 
18357.055664062 -120.0 0.0 
18367.822265625 -120.0 0.0 
18378.588867188 -120.0 0.0 
18389.35546875 -120.0 0.0 
18400.122070312 -120.0 0.0 
18410.888671875 -120.0 0.0 
18421.655273438 -38.841465369861 1.313087487829 
18432.421875 -120.0 0.0 
18443.188476562 -120.0 0.0 
18453.955078125 -120.0 0.0 
18464.721679688 -120.0 0.0 
18475.48828125 -120.0 0.0 
18486.254882812 -120.0 0.0 
18497.021484375 -120.0 0.0 
18507.788085938 -44.875176439678 1.3192236765281 
18518.5546875 -120.0 0.0 
18529.321289062 -120.0 0.0 
18540.087890625 -120.0 0.0 
18550.854492188 -120.0 0.0 
18561.62109375 -120.0 0.0 
18572.387695312 -120.0 0.0 
18583.154296875 -120.0 0.0 
18593.920898438 -26.828232335784 1.3253592063811 
18604.6875 -120.0 0.0 
18615.454101562 -120.0 0.0 
18626.220703125 -120.0 0.0 
18636.987304688 -120.0 0.0 
18647.75390625 -120.0 0.0 
18658.520507812 -120.0 0.0 
18669.287109375 -120.0 0.0 
18680.053710938 -44.901872549294 1.331495257657 
18690.8203125 -120.0 0.0 
18701.586914062 -120.0 0.0 
18712.353515625 -120.0 0.0 
18723.120117188 -120.0 0.0 
18733.88671875 -120.0 0.0 
18744.653320312 -120.0 0.0 
18755.419921875 -120.0 0.0 
18766.186523438 -38.894864758927 1.3376310513342 
18776.953125 -120.0 0.0 
18787.719726562 -120.0 0.0 
18798.486328125 -120.0 0.0 
18809.252929688 -120.0 0.0 
18820.01953125 -120.0 0.0 
18830.786132812 -120.0 0.0 
18841.552734375 -120.0 0.0 
18852.319335938 -44.927181693967 1.3437667749107 
18863.0859375 -120.0 0.0 
18873.852539062 -120.0 0.0 
18884.619140625 -120.0 0.0 
18895.385742188 -120.0 0.0 
18906.15234375 -120.0 0.0 
18916.918945312 -120.0 0.0 
18927.685546875 -120.0 0.0 
18938.452148438 -32.899270499473 1.3499028904488 
18949.21875 -120.0 0.0 
18959.985351562 -120.0 0.0 
18970.751953125 -120.0 0.0 
18981.518554688 -120.0 0.0 
18992.28515625 -120.0 0.0 
19003.051757812 -120.0 0.0 
19013.818359375 -120.0 0.0 
19024.584960938 -44.951114846837 1.3560388513214 
19035.3515625 -120.0 0.0 
19046.118164062 -120.0 0.0 
19056.884765625 -120.0 0.0 
19067.651367188 -120.0 0.0 
19078.41796875 -120.0 0.0 
19089.184570312 -120.0 0.0 
19099.951171875 -120.0 0.0 
19110.717773438 -38.942735071649 1.3621744041738 
19121.484375 -120.0 0.0 
19132.250976562 -120.0 0.0 
19143.017578125 -120.0 0.0 
19153.784179688 -120.0 0.0 
19164.55078125 -120.0 0.0 
19175.317382812 -120.0 0.0 
19186.083984375 -120.0 0.0 
19196.850585938 -44.973676782228 1.3683113041943 
19207.6171875 -120.0 0.0 
19218.383789062 -120.0 0.0 
19229.150390625 -120.0 0.0 
19239.916992188 -120.0 0.0 
19250.68359375 -120.0 0.0 
19261.450195312 -120.0 0.0 
19272.216796875 -120.0 0.0 
19282.983398438 -14.882938833263 1.3744469826501 
19293.75 -120.0 0.0 
19304.516601562 -120.0 0.0 
19315.283203125 -120.0 0.0 
19326.049804688 -120.0 0.0 
19336.81640625 -120.0 0.0 
19347.583007812 -120.0 0.0 
19358.349609375 -120.0 0.0 
19369.116210938 -44.994874965302 1.3805823726841 
19379.8828125 -120.0 0.0 
19390.649414062 -120.0 0.0 
19401.416015625 -120.0 0.0 
19412.182617188 -120.0 0.0 
19422.94921875 -120.0 0.0 
19433.715820312 -120.0 0.0 
19444.482421875 -120.0 0.0 
19455.249023438 -38.985137927016 1.3867180745325 
19466.015625 -120.0 0.0 
19476.782226562 -120.0 0.0 
19487.548828125 -120.0 0.0 
19498.315429688 -120.0 0.0 
19509.08203125 -120.0 0.0 
19519.848632812 -120.0 0.0 
19530.615234375 -120.0 0.0 
19541.381835938 -45.014718116673 1.3928545594461 
19552.1484375 -120.0 0.0 
19562.915039062 -120.0 0.0 
19573.681640625 -120.0 0.0 
19584.448242188 -120.0 0.0 
19595.21484375 -120.0 0.0 
19605.981445312 -120.0 0.0 
19616.748046875 -120.0 0.0 
19627.514648438 -32.984094915722 1.3989902885504 
19638.28125 -120.0 0.0 
19649.047851562 -120.0 0.0 
19659.814453125 -120.0 0.0 
19670.581054688 -120.0 0.0 
19681.34765625 -120.0 0.0 
19692.114257812 -120.0 0.0 
19702.880859375 -120.0 0.0 
19713.647460938 -45.033211127565 1.4051268332444 
19724.4140625 -120.0 0.0 
19735.180664062 -120.0 0.0 
19745.947265625 -120.0 0.0 
19756.713867188 -120.0 0.0 
19767.48046875 -120.0 0.0 
19778.247070312 -120.0 0.0 
19789.013671875 -120.0 0.0 
19799.780273438 -39.022128217643 1.4112626446159 
19810.546875 -120.0 0.0 
19821.313476562 -120.0 0.0 
19832.080078125 -120.0 0.0 
19842.846679688 -120.0 0.0 
19853.61328125 -120.0 0.0 
19864.379882812 -120.0 0.0 
19875.146484375 -120.0 0.0 
19885.913085938 -45.050357293649 1.4173982464169 
19896.6796875 -120.0 0.0 
19907.446289062 -120.0 0.0 
19918.212890625 -120.0 0.0 
19928.979492188 -120.0 0.0 
19939.74609375 -120.0 0.0 
19950.512695312 -120.0 0.0 
19961.279296875 -120.0 0.0 
19972.045898438 -26.997991443184 1.4235341322302 
19982.8125 -120.0 0.0 
19993.579101562 -120.0 0.0 
20004.345703125 -120.0 0.0 
20015.112304688 -120.0 0.0 
20025.87890625 -120.0 0.0 
20036.645507812 -120.0 0.0 
20047.412109375 -120.0 0.0 
20058.178710938 -45.066166970592 1.4296698866806 
20068.9453125 -120.0 0.0 
20079.711914062 -120.0 0.0 
20090.478515625 -120.0 0.0 
20101.245117188 -120.0 0.0 
20112.01171875 -120.0 0.0 
20122.778320312 -120.0 0.0 
20133.544921875 -120.0 0.0 
20144.311523438 -39.053750508245 1.4358059935116 
20155.078125 -120.0 0.0 
20165.844726562 -120.0 0.0 
20176.611328125 -120.0 0.0 
20187.377929688 -120.0 0.0 
20198.14453125 -120.0 0.0 
20208.911132812 -120.0 0.0 
20219.677734375 -120.0 0.0 
20230.444335938 -45.080641798421 1.4419420004627 
20241.2109375 -120.0 0.0 
20251.977539062 -120.0 0.0 
20262.744140625 -120.0 0.0 
20273.510742188 -120.0 0.0 
20284.27734375 -120.0 0.0 
20295.043945312 -120.0 0.0 
20305.810546875 -120.0 0.0 
20316.577148438 -33.047348811131 1.4480774089943 
20327.34375 -120.0 0.0 
20338.110351562 -120.0 0.0 
20348.876953125 -120.0 0.0 
20359.643554688 -120.0 0.0 
20370.41015625 -120.0 0.0 
20381.176757812 -120.0 0.0 
20391.943359375 -120.0 0.0 
20402.709960938 -45.093786377683 1.4542137705425 
20413.4765625 -120.0 0.0 
20424.243164062 -120.0 0.0 
20435.009765625 -120.0 0.0 
20445.776367188 -120.0 0.0 
20456.54296875 -120.0 0.0 
20467.309570312 -120.0 0.0 
20478.076171875 -120.0 0.0 
20488.842773438 -39.080041434583 1.4603496279045 
20499.609375 -120.0 0.0 
20510.375976562 -120.0 0.0 
20521.142578125 -120.0 0.0 
20531.909179688 -120.0 0.0 
20542.67578125 -120.0 0.0 
20553.442382812 -120.0 0.0 
20564.208984375 -120.0 0.0 
20574.975585938 -45.105604625124 1.4664849596171 
20585.7421875 -120.0 0.0 
20596.508789062 -120.0 0.0 
20607.275390625 -120.0 0.0 
20618.041992188 -120.0 0.0 
20628.80859375 -120.0 0.0 
20639.575195312 -120.0 0.0 
20650.341796875 -120.0 0.0 
20661.108398438 -21.030084640179 1.4726208996738 
20671.875 -120.0 0.0 
20682.641601562 -120.0 0.0 
20693.408203125 -120.0 0.0 
20704.174804688 -120.0 0.0 
20714.94140625 -120.0 0.0 
20725.708007812 -120.0 0.0 
20736.474609375 -120.0 0.0 
20747.241210938 -45.116100865758 1.4787569453984 
20758.0078125 -120.0 0.0 
20768.774414062 -120.0 0.0 
20779.541015625 -120.0 0.0 
20790.307617188 -120.0 0.0 
20801.07421875 -120.0 0.0 
20811.840820312 -120.0 0.0 
20822.607421875 -120.0 0.0 
20833.374023438 -39.101039369631 1.4848936630909 
20844.140625 -120.0 0.0 
20854.907226562 -120.0 0.0 
20865.673828125 -120.0 0.0 
20876.440429688 -120.0 0.0 
20887.20703125 -120.0 0.0 
20897.973632812 -120.0 0.0 
20908.740234375 -120.0 0.0 
20919.506835938 -45.125279068641 1.4910295678768 
20930.2734375 -120.0 0.0 
20941.040039062 -120.0 0.0 
20951.806640625 -120.0 0.0 
20962.573242188 -120.0 0.0 
20973.33984375 -120.0 0.0 
20984.106445312 -120.0 0.0 
20994.873046875 -120.0 0.0 
21005.639648438 -33.089350576479 1.4971651941992 
21016.40625 -120.0 0.0 
21027.172851562 -120.0 0.0 
21037.939453125 -120.0 0.0 
21048.706054688 -120.0 0.0 
21059.47265625 -120.0 0.0 
21070.239257812 -120.0 0.0 
21081.005859375 -120.0 0.0 
21091.772460938 -45.133141394365 1.5033011362014 
21102.5390625 -120.0 0.0 
21113.305664062 -120.0 0.0 
21124.072265625 -120.0 0.0 
21134.838867188 -120.0 0.0 
21145.60546875 -120.0 0.0 
21156.372070312 -120.0 0.0 
21167.138671875 -120.0 0.0 
21177.905273438 -39.116761563895 1.5094369453096 
21188.671875 -120.0 0.0 
21199.438476562 -120.0 0.0 
21210.205078125 -120.0 0.0 
21220.971679688 -120.0 0.0 
21231.73828125 -120.0 0.0 
21242.504882812 -120.0 0.0 
21253.271484375 -120.0 0.0 
21264.038085938 -45.139687285532 1.5155731609198 
21274.8046875 -120.0 0.0 
21285.571289062 -120.0 0.0 
21296.337890625 -120.0 0.0 
21307.104492188 -120.0 0.0 
21317.87109375 -120.0 0.0 
21328.637695312 -120.0 0.0 
21339.404296875 -120.0 0.0 
21350.170898438 -27.082043895787 1.5217093388116 
21360.9375 -120.0 0.0 
21371.704101562 -120.0 0.0 
21382.470703125 -120.0 0.0 
21393.237304688 -120.0 0.0 
21404.00390625 -120.0 0.0 
21414.770507812 -120.0 0.0 
21425.537109375 -120.0 0.0 
21436.303710938 -45.144925201299 1.5278450069712 
21447.0703125 -120.0 0.0 
21457.836914062 -120.0 0.0 
21468.603515625 -120.0 0.0 
21479.370117188 -120.0 0.0 
21490.13671875 -120.0 0.0 
21500.903320312 -120.0 0.0 
21511.669921875 -120.0 0.0 
21522.436523438 -39.127235075604 1.5339797210506 
21533.203125 -120.0 0.0 
21543.969726562 -120.0 0.0 
21554.736328125 -120.0 0.0 
21565.502929688 -120.0 0.0 
21576.26953125 -120.0 0.0 
21587.036132812 -120.0 0.0 
21597.802734375 -120.0 0.0 
21608.569335938 -45.148847771932 1.5401172043223 
21619.3359375 -120.0 0.0 
21630.102539062 -120.0 0.0 
21640.869140625 -120.0 0.0 
21651.635742188 -120.0 0.0 
21662.40234375 -120.0 0.0 
21673.168945312 -120.0 0.0 
21683.935546875 -120.0 0.0 
21694.702148438 -33.110298867284 1.5462527821911 
21705.46875 -120.0 0.0 
21716.235351562 -120.0 0.0 
21727.001953125 -120.0 0.0 
21737.768554688 -120.0 0.0 
21748.53515625 -120.0 0.0 
21759.301757812 -120.0 0.0 
21770.068359375 -120.0 0.0 
21780.834960938 -45.151465292087 1.5523902096722 
21791.6015625 -120.0 0.0 
21802.368164062 -120.0 0.0 
21813.134765625 -120.0 0.0 
21823.901367188 -120.0 0.0 
21834.66796875 -120.0 0.0 
21845.434570312 -120.0 0.0 
21856.201171875 -120.0 0.0 
21866.967773438 -39.132468610321 1.5585248121698 
21877.734375 -120.0 0.0 
21888.500976562 -120.0 0.0 
21899.267578125 -120.0 0.0 
21910.034179688 -120.0 0.0 
21920.80078125 -120.0 0.0 
21931.567382812 -120.0 0.0 
21942.333984375 -120.0 0.0 
21953.100585938 -45.152772949253 1.5646603384776 
21963.8671875 -120.0 0.0 
21974.633789062 -120.0 0.0 
21985.400390625 -120.0 0.0 
21996.166992188 -120.0 0.0 
22006.93359375 -120.0 0.0 
22017.700195312 -120.0 0.0 
22028.466796875 -120.0 0.0 
