0.0 -120.0 0.0 
10.7666015625 -120.0 0.0 
21.533203125 -120.0 0.0 
32.2998046875 -120.0 0.0 
43.06640625 -120.0 0.0 
53.8330078125 -120.0 0.0 
64.599609375 -120.0 0.0 
75.3662109375 -120.0 4.1162643497732e-13 
86.1328125 -120.0 0.0 
96.8994140625 -120.0 0.0 
107.666015625 -120.0 0.0 
118.4326171875 -120.0 0.0 
129.19921875 -120.0 0.0 
139.9658203125 -120.0 0.0 
150.732421875 -120.0 0.0 
161.4990234375 -120.0 8.2325129786148e-13 
172.265625 -120.0 0.0 
183.0322265625 -120.0 0.0 
193.798828125 -120.0 0.0 
204.5654296875 -120.0 0.0 
215.33203125 -120.0 0.0 
226.0986328125 -120.0 0.0 
236.865234375 -120.0 0.0 
247.6318359375 -120.0 4.1162497130438e-13 
258.3984375 -120.0 0.0 
269.1650390625 -120.0 0.0 
279.931640625 -120.0 0.0 
290.6982421875 -120.0 0.0 
301.46484375 -120.0 0.0 
312.2314453125 -120.0 0.0 
322.998046875 -120.0 0.0 
333.7646484375 -120.0 1.6465010778399e-12 
344.53125 -120.0 0.0 
355.2978515625 -120.0 0.0 
366.064453125 -120.0 0.0 
376.8310546875 -120.0 0.0 
387.59765625 -120.0 0.0 
398.3642578125 -120.0 0.0 
409.130859375 -120.0 0.0 
419.8974609375 -120.0 4.1162619103183e-13 
430.6640625 -120.0 0.0 
441.4306640625 -120.0 0.0 
452.197265625 -120.0 0.0 
462.9638671875 -120.0 0.0 
473.73046875 -120.0 0.0 
484.4970703125 -120.0 0.0 
495.263671875 -120.0 0.0 
506.0302734375 -120.0 8.2324988839866e-13 
516.796875 -120.0 0.0 
527.5634765625 -120.0 0.0 
538.330078125 -120.0 0.0 
549.0966796875 -120.0 0.0 
559.86328125 -120.0 0.0 
570.6298828125 -120.0 0.0 
581.396484375 -120.0 0.0 
592.1630859375 -120.0 4.1162643497732e-13 
602.9296875 -120.0 0.0 
613.6962890625 -120.0 0.0 
624.462890625 -120.0 0.0 
635.2294921875 -120.0 0.0 
645.99609375 -120.0 0.0 
656.7626953125 -120.0 0.0 
667.529296875 -120.0 0.0 
678.2958984375 -120.0 3.2930006377968e-12 
689.0625 -120.0 0.0 
699.8291015625 -120.0 0.0 
710.595703125 -120.0 0.0 
721.3623046875 -120.0 0.0 
732.12890625 -120.0 0.0 
742.8955078125 -120.0 0.0 
753.662109375 -120.0 0.0 
764.4287109375 -120.0 4.1162464604373e-13 
775.1953125 -120.0 0.0 
785.9619140625 -120.0 0.0 
796.728515625 -120.0 0.0 
807.4951171875 -120.0 0.0 
818.26171875 -120.0 0.0 
829.0283203125 -120.0 0.0 
839.794921875 -120.0 0.0 
850.5615234375 -120.0 8.2325113523116e-13 
861.328125 -120.0 0.0 
872.0947265625 -120.0 0.0 
882.861328125 -120.0 0.0 
893.6279296875 -120.0 0.0 
904.39453125 -120.0 0.0 
915.1611328125 -120.0 0.0 
925.927734375 -120.0 0.0 
936.6943359375 -120.0 4.1162437499319e-13 
947.4609375 -120.0 0.0 
958.2275390625 -120.0 0.0 
968.994140625 -120.0 0.0 
979.7607421875 -120.0 0.0 
990.52734375 -120.0 0.0 
1001.2939453125 -120.0 0.0 
1012.060546875 -120.0 0.0 
1022.8271484375 -120.0 1.6464997767973e-12 
1033.59375 -120.0 0.0 
1044.3603515625 -120.0 0.0 
1055.126953125 -120.0 0.0 
1065.8935546875 -120.0 0.0 
1076.66015625 -120.0 0.0 
1087.4267578125 -120.0 0.0 
1098.193359375 -120.0 0.0 
1108.9599609375 -120.0 4.1162461893868e-13 
1119.7265625 -120.0 0.0 
1130.4931640625 -120.0 0.0 
1141.259765625 -120.0 0.0 
1152.0263671875 -120.0 0.0 
1162.79296875 -120.0 0.0 
1173.5595703125 -120.0 0.0 
1184.326171875 -120.0 0.0 
1195.0927734375 -120.0 8.2325135207159e-13 
1205.859375 -120.0 0.0 
1216.6259765625 -120.0 0.0 
1227.392578125 -120.0 0.0 
1238.1591796875 -120.0 0.0 
1248.92578125 -120.0 0.0 
1259.6923828125 -120.0 0.0 
1270.458984375 -120.0 0.0 
1281.2255859375 -120.0 4.116219355383e-13 
1291.9921875 -120.0 0.0 
1302.7587890625 -120.0 0.0 
1313.525390625 -120.0 0.0 
1324.2919921875 -120.0 0.0 
1335.05859375 -120.0 0.0 
1345.8251953125 -120.0 0.0 
1356.591796875 -120.0 0.0 
1367.3583984375 -120.0 6.5859995408701e-12 
1378.125 -120.0 0.0 
1388.8916015625 -120.0 0.0 
1399.658203125 -120.0 0.0 
1410.4248046875 -120.0 0.0 
1421.19140625 -120.0 0.0 
1431.9580078125 -120.0 0.0 
1442.724609375 -120.0 0.0 
1453.4912109375 -120.0 4.1162448341341e-13 
1464.2578125 -120.0 0.0 
1475.0244140625 -120.0 0.0 
1485.791015625 -120.0 0.0 
1496.5576171875 -120.0 0.0 
1507.32421875 -120.0 0.0 
1518.0908203125 -120.0 0.0 
1528.857421875 -120.0 0.0 
1539.6240234375 -120.0 8.2324918366725e-13 
1550.390625 -120.0 0.0 
1561.1572265625 -120.0 0.0 
1571.923828125 -120.0 0.0 
1582.6904296875 -120.0 0.0 
1593.45703125 -120.0 0.0 
1604.2236328125 -120.0 0.0 
1614.990234375 -120.0 0.0 
1625.7568359375 -120.0 4.1162464604373e-13 
1636.5234375 -120.0 0.0 
1647.2900390625 -120.0 0.0 
1658.056640625 -120.0 0.0 
1668.8232421875 -120.0 0.0 
1679.58984375 -120.0 0.0 
1690.3564453125 -120.0 0.0 
1701.123046875 -120.0 0.0 
1711.8896484375 -120.0 1.6464996683771e-12 
1722.65625 -120.0 0.0 
1733.4228515625 -120.0 0.0 
1744.189453125 -120.0 0.0 
1754.9560546875 -120.0 0.0 
1765.72265625 -120.0 0.0 
1776.4892578125 -120.0 0.0 
1787.255859375 -120.0 0.0 
1798.0224609375 -120.0 4.1162494419933e-13 
1808.7890625 -120.0 0.0 
1819.5556640625 -120.0 0.0 
1830.322265625 -120.0 0.0 
1841.0888671875 -120.0 0.0 
1851.85546875 -120.0 0.0 
1862.6220703125 -120.0 0.0 
1873.388671875 -120.0 0.0 
1884.1552734375 -120.0 8.2324967155822e-13 
1894.921875 -120.0 0.0 
1905.6884765625 -120.0 0.0 
1916.455078125 -120.0 0.0 
1927.2216796875 -120.0 0.0 
1937.98828125 -120.0 0.0 
1948.7548828125 -120.0 0.0 
1959.521484375 -120.0 0.0 
1970.2880859375 -120.0 4.1162521524987e-13 
1981.0546875 -120.0 0.0 
1991.8212890625 -120.0 0.0 
2002.587890625 -120.0 0.0 
2013.3544921875 -120.0 0.0 
2024.12109375 -120.0 0.0 
2034.8876953125 -120.0 0.0 
2045.654296875 -120.0 0.0 
2056.4208984375 -120.0 3.2929993367542e-12 
2067.1875 -120.0 0.0 
2077.9541015625 -120.0 0.0 
2088.720703125 -120.0 0.0 
2099.4873046875 -120.0 0.0 
2110.25390625 -120.0 0.0 
2121.0205078125 -120.0 0.0 
2131.787109375 -120.0 0.0 
2142.5537109375 -120.0 4.116250797246e-13 
2153.3203125 -120.0 0.0 
2164.0869140625 -120.0 0.0 
2174.853515625 -120.0 0.0 
2185.6201171875 -120.0 0.0 
2196.38671875 -120.0 0.0 
2207.1533203125 -120.0 0.0 
2217.919921875 -120.0 0.0 
2228.6865234375 -120.0 8.2324956313801e-13 
2239.453125 -120.0 0.0 
2250.2197265625 -120.0 0.0 
2260.986328125 -120.0 0.0 
2271.7529296875 -120.0 0.0 
2282.51953125 -120.0 0.0 
2293.2861328125 -120.0 0.0 
2304.052734375 -120.0 0.0 
2314.8193359375 -120.0 4.1162453762351e-13 
2325.5859375 -120.0 0.0 
2336.3525390625 -120.0 0.0 
2347.119140625 -120.0 0.0 
2357.8857421875 -120.0 0.0 
2368.65234375 -120.0 0.0 
2379.4189453125 -120.0 0.0 
2390.185546875 -120.0 0.0 
2400.9521484375 -120.0 1.6465011862601e-12 
2411.71875 -120.0 0.0 
2422.4853515625 -120.0 0.0 
2433.251953125 -120.0 0.0 
2444.0185546875 -120.0 0.0 
2454.78515625 -120.0 0.0 
2465.5517578125 -120.0 0.0 
2476.318359375 -120.0 0.0 
2487.0849609375 -120.0 4.1162470025384e-13 
2497.8515625 -120.0 0.0 
2508.6181640625 -120.0 0.0 
2519.384765625 -120.0 0.0 
2530.1513671875 -120.0 0.0 
2540.91796875 -120.0 0.0 
2551.6845703125 -120.0 0.0 
2562.451171875 -120.0 0.0 
2573.2177734375 -120.0 8.2324690684268e-13 
2583.984375 -120.0 0.0 
2594.7509765625 -120.0 0.0 
2605.517578125 -120.0 0.0 
2616.2841796875 -120.0 0.0 
2627.05078125 -120.0 0.0 
2637.8173828125 -120.0 0.0 
2648.583984375 -120.0 0.0 
2659.3505859375 -120.0 4.116256760358e-13 
2670.1171875 -120.0 0.0 
2680.8837890625 -120.0 0.0 
2691.650390625 -120.0 0.0 
2702.4169921875 -120.0 0.0 
2713.18359375 -120.0 0.0 
2723.9501953125 -120.0 0.0 
2734.716796875 -120.0 0.0 
2745.4833984375 -120.0 1.3171996479655e-11 
2756.25 -120.0 0.0 
2767.0166015625 -120.0 0.0 
2777.783203125 -120.0 0.0 
2788.5498046875 -120.0 0.0 
2799.31640625 -120.0 0.0 
2810.0830078125 -120.0 0.0 
2820.849609375 -120.0 0.0 
2831.6162109375 -120.0 4.1162480867406e-13 
2842.3828125 -120.0 0.0 
2853.1494140625 -120.0 0.0 
2863.916015625 -120.0 0.0 
2874.6826171875 -120.0 0.0 
2885.44921875 -120.0 0.0 
2896.2158203125 -120.0 0.0 
2906.982421875 -120.0 0.0 
2917.7490234375 -120.0 8.2324940050768e-13 
2928.515625 -120.0 0.0 
2939.2822265625 -120.0 0.0 
2950.048828125 -120.0 0.0 
2960.8154296875 -120.0 0.0 
2971.58203125 -120.0 0.0 
2982.3486328125 -120.0 0.0 
2993.115234375 -120.0 0.0 
3003.8818359375 -120.0 4.1162510682966e-13 
3014.6484375 -120.0 0.0 
3025.4150390625 -120.0 0.0 
3036.181640625 -120.0 0.0 
3046.9482421875 -120.0 0.0 
3057.71484375 -120.0 0.0 
3068.4814453125 -120.0 0.0 
3079.248046875 -120.0 0.0 
3090.0146484375 -120.0 1.6464992346962e-12 
3100.78125 -120.0 0.0 
3111.5478515625 -120.0 0.0 
3122.314453125 -120.0 0.0 
3133.0810546875 -120.0 0.0 
3143.84765625 -120.0 0.0 
3154.6142578125 -120.0 0.0 
3165.380859375 -120.0 0.0 
3176.1474609375 -120.0 4.1162529656504e-13 
3186.9140625 -120.0 0.0 
3197.6806640625 -120.0 0.0 
3208.447265625 -120.0 0.0 
3219.2138671875 -120.0 0.0 
3229.98046875 -120.0 0.0 
3240.7470703125 -120.0 0.0 
3251.513671875 -120.0 0.0 
3262.2802734375 -120.0 8.2324988839866e-13 
3273.046875 -120.0 0.0 
3283.8134765625 -120.0 0.0 
3294.580078125 -120.0 0.0 
3305.3466796875 -120.0 0.0 
3316.11328125 -120.0 0.0 
3326.8798828125 -120.0 0.0 
3337.646484375 -120.0 0.0 
3348.4130859375 -120.0 4.1162510682966e-13 
3359.1796875 -120.0 0.0 
3369.9462890625 -120.0 0.0 
3380.712890625 -120.0 0.0 
3391.4794921875 -120.0 0.0 
3402.24609375 -120.0 0.0 
3413.0126953125 -120.0 0.0 
3423.779296875 -120.0 0.0 
3434.5458984375 -120.0 3.2930006377968e-12 
3445.3125 -120.0 0.0 
3456.0791015625 -120.0 0.0 
3466.845703125 -120.0 0.0 
3477.6123046875 -120.0 0.0 
3488.37890625 -120.0 0.0 
3499.1455078125 -120.0 0.0 
3509.912109375 -120.0 0.0 
3520.6787109375 -120.0 4.1162461893868e-13 
3531.4453125 -120.0 0.0 
3542.2119140625 -120.0 0.0 
3552.978515625 -120.0 0.0 
3563.7451171875 -120.0 0.0 
3574.51171875 -120.0 0.0 
3585.2783203125 -120.0 0.0 
3596.044921875 -120.0 0.0 
3606.8115234375 -120.0 8.2324999681888e-13 
3617.578125 -120.0 0.0 
3628.3447265625 -120.0 0.0 
3639.111328125 -120.0 0.0 
3649.8779296875 -120.0 0.0 
3660.64453125 -120.0 0.0 
3671.4111328125 -120.0 0.0 
3682.177734375 -120.0 0.0 
3692.9443359375 -120.0 4.1162480867406e-13 
3703.7109375 -120.0 0.0 
3714.4775390625 -120.0 0.0 
3725.244140625 -120.0 0.0 
3736.0107421875 -120.0 0.0 
3746.77734375 -120.0 0.0 
3757.5439453125 -120.0 0.0 
3768.310546875 -120.0 0.0 
3779.0771484375 -120.0 1.6464990178558e-12 
3789.84375 -120.0 0.0 
3800.6103515625 -120.0 0.0 
3811.376953125 -120.0 0.0 
3822.1435546875 -120.0 0.0 
3832.91015625 -120.0 0.0 
3843.6767578125 -120.0 0.0 
3854.443359375 -120.0 0.0 
3865.2099609375 -120.0 4.1162494419933e-13 
3875.9765625 -120.0 0.0 
3886.7431640625 -120.0 0.0 
3897.509765625 -120.0 0.0 
3908.2763671875 -120.0 0.0 
3919.04296875 -120.0 0.0 
3929.8095703125 -120.0 0.0 
3940.576171875 -120.0 0.0 
3951.3427734375 -120.0 8.2325010523909e-13 
3962.109375 -120.0 0.0 
3972.8759765625 -120.0 0.0 
3983.642578125 -120.0 0.0 
3994.4091796875 -120.0 0.0 
4005.17578125 -120.0 0.0 
4015.9423828125 -120.0 0.0 
4026.708984375 -120.0 0.0 
4037.4755859375 -120.0 4.1162407683759e-13 
4048.2421875 -120.0 0.0 
4059.0087890625 -120.0 0.0 
4069.775390625 -120.0 0.0 
4080.5419921875 -120.0 0.0 
4091.30859375 -120.0 0.0 
4102.0751953125 -120.0 0.0 
4112.841796875 -120.0 0.0 
4123.6083984375 -120.0 6.5859986735084e-12 
4134.375 -120.0 0.0 
4145.1416015625 -120.0 0.0 
4155.908203125 -120.0 0.0 
4166.6748046875 -120.0 0.0 
4177.44140625 -120.0 0.0 
4188.2080078125 -120.0 0.0 
4198.974609375 -120.0 0.0 
4209.7412109375 -120.0 4.1162491709427e-13 
4220.5078125 -120.0 0.0 
4231.2744140625 -120.0 0.0 
4242.041015625 -120.0 0.0 
4252.8076171875 -120.0 0.0 
4263.57421875 -120.0 0.0 
4274.3408203125 -120.0 0.0 
4285.107421875 -120.0 0.0 
4295.8740234375 -120.0 8.2324994260877e-13 
4306.640625 -120.0 0.0 
4317.4072265625 -120.0 0.0 
4328.173828125 -120.0 0.0 
4338.9404296875 -120.0 0.0 
4349.70703125 -120.0 0.0 
4360.4736328125 -120.0 0.0 
4371.240234375 -120.0 0.0 
4382.0068359375 -120.0 4.1162499840944e-13 
4392.7734375 -120.0 0.0 
4403.5400390625 -120.0 0.0 
4414.306640625 -120.0 0.0 
4425.0732421875 -120.0 0.0 
4435.83984375 -120.0 0.0 
4446.6064453125 -120.0 0.0 
4457.373046875 -120.0 0.0 
4468.1396484375 -120.0 1.6464994515367e-12 
4478.90625 -120.0 0.0 
4489.6728515625 -120.0 0.0 
4500.439453125 -120.0 0.0 
4511.2060546875 -120.0 0.0 
4521.97265625 -120.0 0.0 
4532.7392578125 -120.0 0.0 
4543.505859375 -120.0 0.0 
4554.2724609375 -120.0 4.1162499840944e-13 
4565.0390625 -120.0 0.0 
4575.8056640625 -120.0 0.0 
4586.572265625 -120.0 0.0 
4597.3388671875 -120.0 0.0 
4608.10546875 -120.0 0.0 
4618.8720703125 -120.0 0.0 
4629.638671875 -120.0 0.0 
4640.4052734375 -120.0 8.232495089279e-13 
4651.171875 -120.0 0.0 
4661.9384765625 -120.0 0.0 
4672.705078125 -120.0 0.0 
4683.4716796875 -120.0 0.0 
4694.23828125 -120.0 0.0 
4705.0048828125 -120.0 0.0 
4715.771484375 -120.0 0.0 
4726.5380859375 -120.0 4.1162459183362e-13 
4737.3046875 -120.0 0.0 
4748.0712890625 -120.0 0.0 
4758.837890625 -120.0 0.0 
4769.6044921875 -120.0 0.0 
4780.37109375 -120.0 0.0 
4791.1376953125 -120.0 0.0 
4801.904296875 -120.0 0.0 
4812.6708984375 -120.0 3.2930008546372e-12 
4823.4375 -120.0 0.0 
4834.2041015625 -120.0 0.0 
4844.970703125 -120.0 0.0 
4855.7373046875 -120.0 0.0 
4866.50390625 -120.0 0.0 
4877.2705078125 -120.0 0.0 
4888.037109375 -120.0 0.0 
4898.8037109375 -120.0 4.1162467314879e-13 
4909.5703125 -120.0 0.0 
4920.3369140625 -120.0 0.0 
4931.103515625 -120.0 0.0 
4941.8701171875 -120.0 0.0 
4952.63671875 -120.0 0.0 
4963.4033203125 -120.0 0.0 
4974.169921875 -120.0 0.0 
4984.9365234375 -120.0 8.2324956313801e-13 
4995.703125 -120.0 0.0 
5006.4697265625 -120.0 0.0 
5017.236328125 -120.0 0.0 
5028.0029296875 -120.0 0.0 
5038.76953125 -120.0 0.0 
5049.5361328125 -120.0 0.0 
5060.302734375 -120.0 0.0 
5071.0693359375 -120.0 4.1162445630835e-13 
5081.8359375 -120.0 0.0 
5092.6025390625 -120.0 0.0 
5103.369140625 -120.0 0.0 
5114.1357421875 -120.0 0.0 
5124.90234375 -120.0 0.0 
5135.6689453125 -120.0 0.0 
5146.435546875 -120.0 0.0 
5157.2021484375 -120.0 1.6464968494515e-12 
5167.96875 -120.0 0.0 
5178.7353515625 -120.0 0.0 
5189.501953125 -120.0 0.0 
5200.2685546875 -120.0 0.0 
5211.03515625 -120.0 0.0 
5221.8017578125 -120.0 0.0 
5232.568359375 -120.0 0.0 
5243.3349609375 -120.0 4.1162483577911e-13 
5254.1015625 -120.0 0.0 
5264.8681640625 -120.0 0.0 
5275.634765625 -120.0 0.0 
5286.4013671875 -120.0 0.0 
5297.16796875 -120.0 0.0 
5307.9345703125 -120.0 0.0 
5318.701171875 -120.0 0.0 
5329.4677734375 -120.0 8.2325059313007e-13 
5340.234375 -120.0 0.0 
5351.0009765625 -120.0 0.0 
5361.767578125 -120.0 0.0 
5372.5341796875 -120.0 0.0 
5383.30078125 -120.0 0.0 
5394.0673828125 -120.0 0.0 
5404.833984375 -120.0 0.0 
5415.6005859375 -120.0 4.1162510682966e-13 
5426.3671875 -120.0 0.0 
5437.1337890625 -120.0 0.0 
5447.900390625 -120.0 0.0 
5458.6669921875 -120.0 0.0 
5469.43359375 -120.0 0.0 
5480.2001953125 -120.0 0.0 
5490.966796875 -120.0 0.0 
5501.7333984375 -120.0 2.6343994694034e-11 
5512.5 -120.0 0.0 
5523.2666015625 -120.0 0.0 
5534.033203125 -120.0 0.0 
5544.7998046875 -120.0 0.0 
5555.56640625 -120.0 0.0 
5566.3330078125 -120.0 0.0 
5577.099609375 -120.0 0.0 
5587.8662109375 -120.0 4.1162472735889e-13 
5598.6328125 -120.0 0.0 
5609.3994140625 -120.0 0.0 
5620.166015625 -120.0 0.0 
5630.9326171875 -120.0 0.0 
5641.69921875 -120.0 0.0 
5652.4658203125 -120.0 0.0 
5663.232421875 -120.0 0.0 
5673.9990234375 -120.0 8.2324967155822e-13 
5684.765625 -120.0 0.0 
5695.5322265625 -120.0 0.0 
5706.298828125 -120.0 0.0 
5717.0654296875 -120.0 0.0 
5727.83203125 -120.0 0.0 
5738.5986328125 -120.0 0.0 
5749.365234375 -120.0 0.0 
5760.1318359375 -120.0 4.1162488998922e-13 
5770.8984375 -120.0 0.0 
5781.6650390625 -120.0 0.0 
5792.431640625 -120.0 0.0 
5803.1982421875 -120.0 0.0 
5813.96484375 -120.0 0.0 
5824.7314453125 -120.0 0.0 
5835.498046875 -120.0 0.0 
5846.2646484375 -120.0 1.6464992346962e-12 
5857.03125 -120.0 0.0 
5867.7978515625 -120.0 0.0 
5878.564453125 -120.0 0.0 
5889.3310546875 -120.0 0.0 
5900.09765625 -120.0 0.0 
5910.8642578125 -120.0 0.0 
5921.630859375 -120.0 0.0 
5932.3974609375 -120.0 4.116250797246e-13 
5943.1640625 -120.0 0.0 
5953.9306640625 -120.0 0.0 
5964.697265625 -120.0 0.0 
5975.4638671875 -120.0 0.0 
5986.23046875 -120.0 0.0 
5996.9970703125 -120.0 0.0 
6007.763671875 -120.0 0.0 
6018.5302734375 -120.0 8.2324999681888e-13 
6029.296875 -120.0 0.0 
6040.0634765625 -120.0 0.0 
6050.830078125 -120.0 0.0 
6061.5966796875 -120.0 0.0 
6072.36328125 -120.0 0.0 
6083.1298828125 -120.0 0.0 
6093.896484375 -120.0 0.0 
6104.6630859375 -120.0 4.1162502551449e-13 
6115.4296875 -120.0 0.0 
6126.1962890625 -120.0 0.0 
6136.962890625 -120.0 0.0 
6147.7294921875 -120.0 0.0 
6158.49609375 -120.0 0.0 
6169.2626953125 -120.0 0.0 
6180.029296875 -120.0 0.0 
6190.7958984375 -120.0 3.2929986862329e-12 
6201.5625 -120.0 0.0 
6212.3291015625 -120.0 0.0 
6223.095703125 -120.0 0.0 
6233.8623046875 -120.0 0.0 
6244.62890625 -120.0 0.0 
6255.3955078125 -120.0 0.0 
6266.162109375 -120.0 0.0 
6276.9287109375 -120.0 4.1162488998922e-13 
6287.6953125 -120.0 0.0 
6298.4619140625 -120.0 0.0 
6309.228515625 -120.0 0.0 
6319.9951171875 -120.0 0.0 
6330.76171875 -120.0 0.0 
6341.5283203125 -120.0 0.0 
6352.294921875 -120.0 0.0 
6363.0615234375 -120.0 8.232501594492e-13 
6373.828125 -120.0 0.0 
6384.5947265625 -120.0 0.0 
6395.361328125 -120.0 0.0 
6406.1279296875 -120.0 0.0 
6416.89453125 -120.0 0.0 
6427.6611328125 -120.0 0.0 
6438.427734375 -120.0 0.0 
6449.1943359375 -120.0 4.1162480867406e-13 
6459.9609375 -120.0 0.0 
6470.7275390625 -120.0 0.0 
6481.494140625 -120.0 0.0 
6492.2607421875 -120.0 0.0 
6503.02734375 -120.0 0.0 
6513.7939453125 -120.0 0.0 
6524.560546875 -120.0 0.0 
6535.3271484375 -120.0 1.6464997767973e-12 
6546.09375 -120.0 0.0 
6556.8603515625 -120.0 0.0 
6567.626953125 -120.0 0.0 
6578.3935546875 -120.0 0.0 
6589.16015625 -120.0 0.0 
6599.9267578125 -120.0 0.0 
6610.693359375 -120.0 0.0 
6621.4599609375 -120.0 4.11624781569e-13 
6632.2265625 -120.0 0.0 
6642.9931640625 -120.0 0.0 
6653.759765625 -120.0 0.0 
6664.5263671875 -120.0 0.0 
6675.29296875 -120.0 0.0 
6686.0595703125 -120.0 0.0 
6696.826171875 -120.0 0.0 
6707.5927734375 -120.0 8.2324999681888e-13 
6718.359375 -120.0 0.0 
6729.1259765625 -120.0 0.0 
6739.892578125 -120.0 0.0 
6750.6591796875 -120.0 0.0 
6761.42578125 -120.0 0.0 
6772.1923828125 -120.0 0.0 
6782.958984375 -120.0 0.0 
6793.7255859375 -120.0 4.1162440209824e-13 
6804.4921875 -120.0 0.0 
6815.2587890625 -120.0 0.0 
6826.025390625 -120.0 0.0 
6836.7919921875 -120.0 0.0 
6847.55859375 -120.0 0.0 
6858.3251953125 -120.0 0.0 
6869.091796875 -120.0 0.0 
6879.8583984375 -120.0 6.5859995408701e-12 
6890.625 -120.0 0.0 
6901.3916015625 -120.0 0.0 
6912.158203125 -120.0 0.0 
6922.9248046875 -120.0 0.0 
6933.69140625 -120.0 0.0 
6944.4580078125 -120.0 0.0 
6955.224609375 -120.0 0.0 
6965.9912109375 -120.0 4.11624781569e-13 
6976.7578125 -120.0 0.0 
6987.5244140625 -120.0 0.0 
6998.291015625 -120.0 0.0 
7009.0576171875 -120.0 0.0 
7019.82421875 -120.0 0.0 
7030.5908203125 -120.0 0.0 
7041.357421875 -120.0 0.0 
7052.1240234375 -120.0 8.2324956313801e-13 
7062.890625 -120.0 0.0 
7073.6572265625 -120.0 0.0 
7084.423828125 -120.0 0.0 
7095.1904296875 -120.0 0.0 
7105.95703125 -120.0 0.0 
7116.7236328125 -120.0 0.0 
7127.490234375 -120.0 0.0 
7138.2568359375 -120.0 4.1162483577911e-13 
7149.0234375 -120.0 0.0 
7159.7900390625 -120.0 0.0 
7170.556640625 -120.0 0.0 
7181.3232421875 -120.0 0.0 
7192.08984375 -120.0 0.0 
7202.8564453125 -120.0 0.0 
7213.623046875 -120.0 0.0 
7224.3896484375 -120.0 1.6464997767973e-12 
7235.15625 -120.0 0.0 
7245.9228515625 -120.0 0.0 
7256.689453125 -120.0 0.0 
7267.4560546875 -120.0 0.0 
7278.22265625 -120.0 0.0 
7288.9892578125 -120.0 0.0 
7299.755859375 -120.0 0.0 
7310.5224609375 -120.0 4.1162486288417e-13 
7321.2890625 -120.0 0.0 
7332.0556640625 -120.0 0.0 
7342.822265625 -120.0 0.0 
7353.5888671875 -120.0 0.0 
7364.35546875 -120.0 0.0 
7375.1220703125 -120.0 0.0 
7385.888671875 -120.0 0.0 
7396.6552734375 -120.0 8.2324988839866e-13 
7407.421875 -120.0 0.0 
7418.1884765625 -120.0 0.0 
7428.955078125 -120.0 0.0 
7439.7216796875 -120.0 0.0 
7450.48828125 -120.0 0.0 
7461.2548828125 -120.0 0.0 
7472.021484375 -120.0 0.0 
7482.7880859375 -120.0 4.1162499840944e-13 
7493.5546875 -120.0 0.0 
7504.3212890625 -120.0 0.0 
7515.087890625 -120.0 0.0 
7525.8544921875 -120.0 0.0 
7536.62109375 -120.0 0.0 
7547.3876953125 -120.0 0.0 
7558.154296875 -120.0 0.0 
7568.9208984375 -120.0 3.2929986862329e-12 
7579.6875 -120.0 0.0 
7590.4541015625 -120.0 0.0 
7601.220703125 -120.0 0.0 
7611.9873046875 -120.0 0.0 
7622.75390625 -120.0 0.0 
7633.5205078125 -120.0 0.0 
7644.287109375 -120.0 0.0 
7655.0537109375 -120.0 4.1162491709427e-13 
7665.8203125 -120.0 0.0 
7676.5869140625 -120.0 0.0 
7687.353515625 -120.0 0.0 
7698.1201171875 -120.0 0.0 
7708.88671875 -120.0 0.0 
7719.6533203125 -120.0 0.0 
7730.419921875 -120.0 0.0 
7741.1865234375 -120.0 8.2324983418855e-13 
7751.953125 -120.0 0.0 
7762.7197265625 -120.0 0.0 
7773.486328125 -120.0 0.0 
7784.2529296875 -120.0 0.0 
7795.01953125 -120.0 0.0 
7805.7861328125 -120.0 0.0 
7816.552734375 -120.0 0.0 
7827.3193359375 -120.0 4.1162483577911e-13 
7838.0859375 -120.0 0.0 
7848.8525390625 -120.0 0.0 
7859.619140625 -120.0 0.0 
7870.3857421875 -120.0 0.0 
7881.15234375 -120.0 0.0 
7891.9189453125 -120.0 0.0 
7902.685546875 -120.0 0.0 
7913.4521484375 -120.0 1.6464998852175e-12 
7924.21875 -120.0 0.0 
7934.9853515625 -120.0 0.0 
7945.751953125 -120.0 0.0 
7956.5185546875 -120.0 0.0 
7967.28515625 -120.0 0.0 
7978.0517578125 -120.0 0.0 
7988.818359375 -120.0 0.0 
7999.5849609375 -120.0 4.11624781569e-13 
8010.3515625 -120.0 0.0 
8021.1181640625 -120.0 0.0 
8031.884765625 -120.0 0.0 
8042.6513671875 -120.0 0.0 
8053.41796875 -120.0 0.0 
8064.1845703125 -120.0 0.0 
8074.951171875 -120.0 0.0 
8085.7177734375 -120.0 8.2324902103692e-13 
8096.484375 -120.0 0.0 
8107.2509765625 -120.0 0.0 
8118.017578125 -120.0 0.0 
8128.7841796875 -120.0 0.0 
8139.55078125 -120.0 0.0 
8150.3173828125 -120.0 0.0 
8161.083984375 -120.0 0.0 
8171.8505859375 -120.0 4.1162516103976e-13 
8182.6171875 -120.0 0.0 
8193.3837890625 -120.0 0.0 
8204.150390625 -120.0 0.0 
8214.9169921875 -120.0 0.0 
8225.68359375 -120.0 0.0 
8236.4501953125 -120.0 0.0 
8247.216796875 -120.0 0.0 
8257.9833984375 -120.0 1.3171998214379e-11 
8268.75 -120.0 0.0 
8279.5166015625 -120.0 0.0 
8290.283203125 -120.0 0.0 
8301.0498046875 -120.0 0.0 
8311.81640625 -120.0 0.0 
8322.5830078125 -120.0 0.0 
8333.349609375 -120.0 0.0 
8344.1162109375 -120.0 4.1162483577911e-13 
8354.8828125 -120.0 0.0 
8365.6494140625 -120.0 0.0 
8376.416015625 -120.0 0.0 
8387.1826171875 -120.0 0.0 
8397.94921875 -120.0 0.0 
8408.7158203125 -120.0 0.0 
8419.482421875 -120.0 0.0 
8430.2490234375 -120.0 8.2324967155822e-13 
8441.015625 -120.0 0.0 
8451.7822265625 -120.0 0.0 
8462.548828125 -120.0 0.0 
8473.3154296875 -120.0 0.0 
8484.08203125 -120.0 0.0 
8494.8486328125 -120.0 0.0 
8505.615234375 -120.0 0.0 
8516.3818359375 -120.0 4.1162497130438e-13 
8527.1484375 -120.0 0.0 
8537.9150390625 -120.0 0.0 
8548.681640625 -120.0 0.0 
8559.4482421875 -120.0 0.0 
8570.21484375 -120.0 0.0 
8580.9814453125 -120.0 0.0 
8591.748046875 -120.0 0.0 
8602.5146484375 -120.0 1.6464996683771e-12 
8613.28125 -120.0 0.0 
8624.0478515625 -120.0 0.0 
8634.814453125 -120.0 0.0 
8645.5810546875 -120.0 0.0 
8656.34765625 -120.0 0.0 
8667.1142578125 -120.0 0.0 
8677.880859375 -120.0 0.0 
8688.6474609375 -120.0 4.1162494419933e-13 
8699.4140625 -120.0 0.0 
8710.1806640625 -120.0 0.0 
8720.947265625 -120.0 0.0 
8731.7138671875 -120.0 0.0 
8742.48046875 -120.0 0.0 
8753.2470703125 -120.0 0.0 
8764.013671875 -120.0 0.0 
8774.7802734375 -120.0 8.2324994260877e-13 
8785.546875 -120.0 0.0 
8796.3134765625 -120.0 0.0 
8807.080078125 -120.0 0.0 
8817.8466796875 -120.0 0.0 
8828.61328125 -120.0 0.0 
8839.3798828125 -120.0 0.0 
8850.146484375 -120.0 0.0 
8860.9130859375 -120.0 4.1162502551449e-13 
8871.6796875 -120.0 0.0 
8882.4462890625 -120.0 0.0 
8893.212890625 -120.0 0.0 
8903.9794921875 -120.0 0.0 
8914.74609375 -120.0 0.0 
8925.5126953125 -120.0 0.0 
8936.279296875 -120.0 0.0 
8947.0458984375 -120.0 3.2929991199138e-12 
8957.8125 -120.0 0.0 
8968.5791015625 -120.0 0.0 
8979.345703125 -120.0 0.0 
8990.1123046875 -120.0 0.0 
9000.87890625 -120.0 0.0 
9011.6455078125 -120.0 0.0 
9022.412109375 -120.0 0.0 
9033.1787109375 -120.0 4.1162486288417e-13 
9043.9453125 -120.0 0.0 
9054.7119140625 -120.0 0.0 
9065.478515625 -120.0 0.0 
9076.2451171875 -120.0 0.0 
9087.01171875 -120.0 0.0 
9097.7783203125 -120.0 0.0 
9108.544921875 -120.0 0.0 
9119.3115234375 -120.0 8.2325010523909e-13 
9130.078125 -120.0 0.0 
9140.8447265625 -120.0 0.0 
9151.611328125 -120.0 0.0 
9162.3779296875 -120.0 0.0 
9173.14453125 -120.0 0.0 
9183.9111328125 -120.0 0.0 
9194.677734375 -120.0 0.0 
9205.4443359375 -120.0 4.1162486288417e-13 
9216.2109375 -120.0 0.0 
9226.9775390625 -120.0 0.0 
9237.744140625 -120.0 0.0 
9248.5107421875 -120.0 0.0 
9259.27734375 -120.0 0.0 
9270.0439453125 -120.0 0.0 
9280.810546875 -120.0 0.0 
9291.5771484375 -120.0 1.6464994515367e-12 
9302.34375 -120.0 0.0 
9313.1103515625 -120.0 0.0 
9323.876953125 -120.0 0.0 
9334.6435546875 -120.0 0.0 
9345.41015625 -120.0 0.0 
9356.1767578125 -120.0 0.0 
9366.943359375 -120.0 0.0 
9377.7099609375 -120.0 4.1162480867406e-13 
9388.4765625 -120.0 0.0 
9399.2431640625 -120.0 0.0 
9410.009765625 -120.0 0.0 
9420.7763671875 -120.0 0.0 
9431.54296875 -120.0 0.0 
9442.3095703125 -120.0 0.0 
9453.076171875 -120.0 0.0 
9463.8427734375 -120.0 8.2324956313801e-13 
9474.609375 -120.0 0.0 
9485.3759765625 -120.0 0.0 
9496.142578125 -120.0 0.0 
9506.9091796875 -120.0 0.0 
9517.67578125 -120.0 0.0 
9528.4423828125 -120.0 0.0 
9539.208984375 -120.0 0.0 
9549.9755859375 -120.0 4.1162464604373e-13 
9560.7421875 -120.0 0.0 
9571.5087890625 -120.0 0.0 
9582.275390625 -120.0 0.0 
9593.0419921875 -120.0 0.0 
9603.80859375 -120.0 0.0 
9614.5751953125 -120.0 0.0 
9625.341796875 -120.0 0.0 
9636.1083984375 -120.0 6.585999974551e-12 
9646.875 -120.0 0.0 
9657.6416015625 -120.0 0.0 
9668.408203125 -120.0 0.0 
9679.1748046875 -120.0 0.0 
9689.94140625 -120.0 0.0 
9700.7080078125 -120.0 0.0 
9711.474609375 -120.0 0.0 
9722.2412109375 -120.0 4.1162464604373e-13 
9733.0078125 -120.0 0.0 
9743.7744140625 -120.0 0.0 
9754.541015625 -120.0 0.0 
9765.3076171875 -120.0 0.0 
9776.07421875 -120.0 0.0 
9786.8408203125 -120.0 0.0 
9797.607421875 -120.0 0.0 
9808.3740234375 -120.0 8.2324961734812e-13 
9819.140625 -120.0 0.0 
9829.9072265625 -120.0 0.0 
9840.673828125 -120.0 0.0 
9851.4404296875 -120.0 0.0 
9862.20703125 -120.0 0.0 
9872.9736328125 -120.0 0.0 
9883.740234375 -120.0 0.0 
9894.5068359375 -120.0 4.1162505261955e-13 
9905.2734375 -120.0 0.0 
9916.0400390625 -120.0 0.0 
9926.806640625 -120.0 0.0 
9937.5732421875 -120.0 0.0 
9948.33984375 -120.0 0.0 
9959.1064453125 -120.0 0.0 
9969.873046875 -120.0 0.0 
9980.6396484375 -120.0 1.6464995599569e-12 
9991.40625 -120.0 0.0 
10002.172851562 -120.0 0.0 
10012.939453125 -120.0 0.0 
10023.706054688 -120.0 0.0 
10034.47265625 -120.0 0.0 
10045.239257812 -120.0 0.0 
10056.005859375 -120.0 0.0 
10066.772460938 -120.0 4.1162488998922e-13 
10077.5390625 -120.0 0.0 
10088.305664062 -120.0 0.0 
10099.072265625 -120.0 0.0 
10109.838867188 -120.0 0.0 
10120.60546875 -120.0 0.0 
10131.372070312 -120.0 0.0 
10142.138671875 -120.0 0.0 
10152.905273438 -120.0 8.232495089279e-13 
10163.671875 -120.0 0.0 
10174.438476562 -120.0 0.0 
10185.205078125 -120.0 0.0 
10195.971679688 -120.0 0.0 
10206.73828125 -120.0 0.0 
10217.504882812 -120.0 0.0 
10228.271484375 -120.0 0.0 
10239.038085938 -120.0 4.1162491709427e-13 
10249.8046875 -120.0 0.0 
10260.571289062 -120.0 0.0 
10271.337890625 -120.0 0.0 
10282.104492188 -120.0 0.0 
10292.87109375 -120.0 0.0 
10303.637695312 -120.0 0.0 
10314.404296875 -120.0 0.0 
10325.170898438 -120.0 3.2929971683499e-12 
10335.9375 -120.0 0.0 
10346.704101562 -120.0 0.0 
10357.470703125 -120.0 0.0 
10368.237304688 -120.0 0.0 
10379.00390625 -120.0 0.0 
10389.770507812 -120.0 0.0 
10400.537109375 -120.0 0.0 
10411.303710938 -120.0 4.1162497130438e-13 
10422.0703125 -120.0 0.0 
10432.836914062 -120.0 0.0 
10443.603515625 -120.0 0.0 
10454.370117188 -120.0 0.0 
10465.13671875 -120.0 0.0 
10475.903320312 -120.0 0.0 
10486.669921875 -120.0 0.0 
10497.436523438 -120.0 8.2324967155822e-13 
10508.203125 -120.0 0.0 
10518.969726562 -120.0 0.0 
10529.736328125 -120.0 0.0 
10540.502929688 -120.0 0.0 
10551.26953125 -120.0 0.0 
10562.036132812 -120.0 0.0 
10572.802734375 -120.0 0.0 
10583.569335938 -120.0 4.1162491709427e-13 
10594.3359375 -120.0 0.0 
10605.102539062 -120.0 0.0 
10615.869140625 -120.0 0.0 
10626.635742188 -120.0 0.0 
10637.40234375 -120.0 0.0 
10648.168945312 -120.0 0.0 
10658.935546875 -120.0 0.0 
10669.702148438 -120.0 1.6465003188984e-12 
10680.46875 -120.0 0.0 
10691.235351562 -120.0 0.0 
10702.001953125 -120.0 0.0 
10712.768554688 -120.0 0.0 
10723.53515625 -120.0 0.0 
10734.301757812 -120.0 0.0 
10745.068359375 -120.0 0.0 
10755.834960938 -120.0 4.1162448341341e-13 
10766.6015625 -120.0 0.0 
10777.368164062 -120.0 0.0 
10788.134765625 -120.0 0.0 
10798.901367188 -120.0 0.0 
10809.66796875 -120.0 0.0 
10820.434570312 -120.0 0.0 
10831.201171875 -120.0 0.0 
10841.967773438 -120.0 8.2324999681888e-13 
10852.734375 -120.0 0.0 
10863.500976562 -120.0 0.0 
10874.267578125 -120.0 0.0 
10885.034179688 -120.0 0.0 
10895.80078125 -120.0 0.0 
10906.567382812 -120.0 0.0 
10917.333984375 -120.0 0.0 
10928.100585938 -120.0 4.1162505261955e-13 
10938.8671875 -120.0 0.0 
10949.633789062 -120.0 0.0 
10960.400390625 -120.0 0.0 
10971.166992188 -120.0 0.0 
10981.93359375 -120.0 0.0 
10992.700195312 -120.0 0.0 
11003.466796875 -120.0 0.0 
11014.233398438 -120.0 5.2687992857514e-11 
11025.0 -120.0 0.0 
11035.766601562 -120.0 0.0 
11046.533203125 -120.0 0.0 
11057.299804688 -120.0 0.0 
11068.06640625 -120.0 0.0 
11078.833007812 -120.0 0.0 
11089.599609375 -120.0 0.0 
11100.366210938 -120.0 4.1162488998922e-13 
11111.1328125 -120.0 0.0 
11121.899414062 -120.0 0.0 
11132.666015625 -120.0 0.0 
11143.432617188 -120.0 0.0 
11154.19921875 -120.0 0.0 
11164.965820312 -120.0 0.0 
11175.732421875 -120.0 0.0 
11186.499023438 -120.0 8.2324967155822e-13 
11197.265625 -120.0 0.0 
11208.032226562 -120.0 0.0 
11218.798828125 -120.0 0.0 
11229.565429688 -120.0 0.0 
11240.33203125 -120.0 0.0 
11251.098632812 -120.0 0.0 
11261.865234375 -120.0 0.0 
11272.631835938 -120.0 4.1162480867406e-13 
11283.3984375 -120.0 0.0 
11294.165039062 -120.0 0.0 
11304.931640625 -120.0 0.0 
11315.698242188 -120.0 0.0 
11326.46484375 -120.0 0.0 
11337.231445312 -120.0 0.0 
11347.998046875 -120.0 0.0 
11358.764648438 -120.0 1.6464994515367e-12 
11369.53125 -120.0 0.0 
11380.297851562 -120.0 0.0 
11391.064453125 -120.0 0.0 
11401.831054688 -120.0 0.0 
11412.59765625 -120.0 0.0 
11423.364257812 -120.0 0.0 
11434.130859375 -120.0 0.0 
11444.897460938 -120.0 4.1162505261955e-13 
11455.6640625 -120.0 0.0 
11466.430664062 -120.0 0.0 
11477.197265625 -120.0 0.0 
11487.963867188 -120.0 0.0 
11498.73046875 -120.0 0.0 
11509.497070312 -120.0 0.0 
11520.263671875 -120.0 0.0 
11531.030273438 -120.0 8.2324977997844e-13 
11541.796875 -120.0 0.0 
11552.563476562 -120.0 0.0 
11563.330078125 -120.0 0.0 
11574.096679688 -120.0 0.0 
11584.86328125 -120.0 0.0 
11595.629882812 -120.0 0.0 
11606.396484375 -120.0 0.0 
11617.163085938 -120.0 4.1162499840944e-13 
11627.9296875 -120.0 0.0 
11638.696289062 -120.0 0.0 
11649.462890625 -120.0 0.0 
11660.229492188 -120.0 0.0 
11670.99609375 -120.0 0.0 
11681.762695312 -120.0 0.0 
11692.529296875 -120.0 0.0 
11703.295898438 -120.0 3.2929989030733e-12 
11714.0625 -120.0 0.0 
11724.829101562 -120.0 0.0 
11735.595703125 -120.0 0.0 
11746.362304688 -120.0 0.0 
11757.12890625 -120.0 0.0 
11767.895507812 -120.0 0.0 
11778.662109375 -120.0 0.0 
11789.428710938 -120.0 4.1162480867406e-13 
11800.1953125 -120.0 0.0 
11810.961914062 -120.0 0.0 
11821.728515625 -120.0 0.0 
11832.495117188 -120.0 0.0 
11843.26171875 -120.0 0.0 
11854.028320312 -120.0 0.0 
11864.794921875 -120.0 0.0 
11875.561523438 -120.0 8.2324994260877e-13 
11886.328125 -120.0 0.0 
11897.094726562 -120.0 0.0 
11907.861328125 -120.0 0.0 
11918.627929688 -120.0 0.0 
11929.39453125 -120.0 0.0 
11940.161132812 -120.0 0.0 
11950.927734375 -120.0 0.0 
11961.694335938 -120.0 4.1162483577911e-13 
11972.4609375 -120.0 0.0 
11983.227539062 -120.0 0.0 
11993.994140625 -120.0 0.0 
12004.760742188 -120.0 0.0 
12015.52734375 -120.0 0.0 
12026.293945312 -120.0 0.0 
12037.060546875 -120.0 0.0 
12047.827148438 -120.0 1.6464997767973e-12 
12058.59375 -120.0 0.0 
12069.360351562 -120.0 0.0 
12080.126953125 -120.0 0.0 
12090.893554688 -120.0 0.0 
12101.66015625 -120.0 0.0 
12112.426757812 -120.0 0.0 
12123.193359375 -120.0 0.0 
12133.959960938 -120.0 4.1162488998922e-13 
12144.7265625 -120.0 0.0 
12155.493164062 -120.0 0.0 
12166.259765625 -120.0 0.0 
12177.026367188 -120.0 0.0 
12187.79296875 -120.0 0.0 
12198.559570312 -120.0 0.0 
12209.326171875 -120.0 0.0 
12220.092773438 -120.0 8.2324994260877e-13 
12230.859375 -120.0 0.0 
12241.625976562 -120.0 0.0 
12252.392578125 -120.0 0.0 
12263.159179688 -120.0 0.0 
12273.92578125 -120.0 0.0 
12284.692382812 -120.0 0.0 
12295.458984375 -120.0 0.0 
12306.225585938 -120.0 4.1162470025384e-13 
12316.9921875 -120.0 0.0 
12327.758789062 -120.0 0.0 
12338.525390625 -120.0 0.0 
12349.291992188 -120.0 0.0 
12360.05859375 -120.0 0.0 
12370.825195312 -120.0 0.0 
12381.591796875 -120.0 0.0 
12392.358398438 -120.0 6.5859973724658e-12 
12403.125 -120.0 0.0 
12413.891601562 -120.0 0.0 
12424.658203125 -120.0 0.0 
12435.424804688 -120.0 0.0 
12446.19140625 -120.0 0.0 
12456.958007812 -120.0 0.0 
12467.724609375 -120.0 0.0 
12478.491210938 -120.0 4.1162491709427e-13 
12489.2578125 -120.0 0.0 
12500.024414062 -120.0 0.0 
12510.791015625 -120.0 0.0 
12521.557617188 -120.0 0.0 
12532.32421875 -120.0 0.0 
12543.090820312 -120.0 0.0 
12553.857421875 -120.0 0.0 
12564.624023438 -120.0 8.2324956313801e-13 
12575.390625 -120.0 0.0 
12586.157226562 -120.0 0.0 
12596.923828125 -120.0 0.0 
12607.690429688 -120.0 0.0 
12618.45703125 -120.0 0.0 
12629.223632812 -120.0 0.0 
12639.990234375 -120.0 0.0 
12650.756835938 -120.0 4.1162491709427e-13 
12661.5234375 -120.0 0.0 
12672.290039062 -120.0 0.0 
12683.056640625 -120.0 0.0 
12693.823242188 -120.0 0.0 
12704.58984375 -120.0 0.0 
12715.356445312 -120.0 0.0 
12726.123046875 -120.0 0.0 
12736.889648438 -120.0 1.6464996683771e-12 
12747.65625 -120.0 0.0 
12758.422851562 -120.0 0.0 
12769.189453125 -120.0 0.0 
12779.956054688 -120.0 0.0 
12790.72265625 -120.0 0.0 
12801.489257812 -120.0 0.0 
12812.255859375 -120.0 0.0 
12823.022460938 -120.0 4.1162491709427e-13 
12833.7890625 -120.0 0.0 
12844.555664062 -120.0 0.0 
12855.322265625 -120.0 0.0 
12866.088867188 -120.0 0.0 
12876.85546875 -120.0 0.0 
12887.622070312 -120.0 0.0 
12898.388671875 -120.0 0.0 
12909.155273438 -120.0 8.2324977997844e-13 
12919.921875 -120.0 0.0 
12930.688476562 -120.0 0.0 
12941.455078125 -120.0 0.0 
12952.221679688 -120.0 0.0 
12962.98828125 -120.0 0.0 
12973.754882812 -120.0 0.0 
12984.521484375 -120.0 0.0 
12995.288085938 -120.0 4.1162497130438e-13 
13006.0546875 -120.0 0.0 
13016.821289062 -120.0 0.0 
13027.587890625 -120.0 0.0 
13038.354492188 -120.0 0.0 
13049.12109375 -120.0 0.0 
13059.887695312 -120.0 0.0 
13070.654296875 -120.0 0.0 
13081.420898438 -120.0 3.2929991199138e-12 
13092.1875 -120.0 0.0 
13102.954101562 -120.0 0.0 
13113.720703125 -120.0 0.0 
13124.487304688 -120.0 0.0 
13135.25390625 -120.0 0.0 
13146.020507812 -120.0 0.0 
13156.787109375 -120.0 0.0 
13167.553710938 -120.0 4.1162488998922e-13 
13178.3203125 -120.0 0.0 
13189.086914062 -120.0 0.0 
13199.853515625 -120.0 0.0 
13210.620117188 -120.0 0.0 
13221.38671875 -120.0 0.0 
13232.153320312 -120.0 0.0 
13242.919921875 -120.0 0.0 
13253.686523438 -120.0 8.2324972576833e-13 
13264.453125 -120.0 0.0 
13275.219726562 -120.0 0.0 
13285.986328125 -120.0 0.0 
13296.752929688 -120.0 0.0 
13307.51953125 -120.0 0.0 
13318.286132812 -120.0 0.0 
13329.052734375 -120.0 0.0 
13339.819335938 -120.0 4.1162491709427e-13 
13350.5859375 -120.0 0.0 
13361.352539062 -120.0 0.0 
13372.119140625 -120.0 0.0 
13382.885742188 -120.0 0.0 
13393.65234375 -120.0 0.0 
13404.418945312 -120.0 0.0 
13415.185546875 -120.0 0.0 
13425.952148438 -120.0 1.6464998852175e-12 
13436.71875 -120.0 0.0 
13447.485351562 -120.0 0.0 
13458.251953125 -120.0 0.0 
13469.018554688 -120.0 0.0 
13479.78515625 -120.0 0.0 
13490.551757812 -120.0 0.0 
13501.318359375 -120.0 0.0 
13512.084960938 -120.0 4.1162486288417e-13 
13522.8515625 -120.0 0.0 
13533.618164062 -120.0 0.0 
13544.384765625 -120.0 0.0 
13555.151367188 -120.0 0.0 
13565.91796875 -120.0 0.0 
13576.684570312 -120.0 0.0 
13587.451171875 -120.0 0.0 
13598.217773438 -120.0 8.232495089279e-13 
13608.984375 -120.0 0.0 
13619.750976562 -120.0 0.0 
13630.517578125 -120.0 0.0 
13641.284179688 -120.0 0.0 
13652.05078125 -120.0 0.0 
13662.817382812 -120.0 0.0 
13673.583984375 -120.0 0.0 
13684.350585938 -120.0 4.1162505261955e-13 
13695.1171875 -120.0 0.0 
13705.883789062 -120.0 0.0 
13716.650390625 -120.0 0.0 
13727.416992188 -120.0 0.0 
13738.18359375 -120.0 0.0 
13748.950195312 -120.0 0.0 
13759.716796875 -120.0 0.0 
13770.483398438 -120.0 1.3171998214379e-11 
13781.25 -120.0 0.0 
13792.016601562 -120.0 0.0 
13802.783203125 -120.0 0.0 
13813.549804688 -120.0 0.0 
13824.31640625 -120.0 0.0 
13835.083007812 -120.0 0.0 
13845.849609375 -120.0 0.0 
13856.616210938 -120.0 4.1162486288417e-13 
13867.3828125 -120.0 0.0 
13878.149414062 -120.0 0.0 
13888.916015625 -120.0 0.0 
13899.682617188 -120.0 0.0 
13910.44921875 -120.0 0.0 
13921.215820312 -120.0 0.0 
13931.982421875 -120.0 0.0 
13942.749023438 -120.0 8.2324977997844e-13 
13953.515625 -120.0 0.0 
13964.282226562 -120.0 0.0 
13975.048828125 -120.0 0.0 
13985.815429688 -120.0 0.0 
13996.58203125 -120.0 0.0 
14007.348632812 -120.0 0.0 
14018.115234375 -120.0 0.0 
14028.881835938 -120.0 4.1162491709427e-13 
14039.6484375 -120.0 0.0 
14050.415039062 -120.0 0.0 
14061.181640625 -120.0 0.0 
14071.948242188 -120.0 0.0 
14082.71484375 -120.0 0.0 
14093.481445312 -120.0 0.0 
14104.248046875 -120.0 0.0 
14115.014648438 -120.0 1.6464995599569e-12 
14125.78125 -120.0 0.0 
14136.547851562 -120.0 0.0 
14147.314453125 -120.0 0.0 
14158.081054688 -120.0 0.0 
14168.84765625 -120.0 0.0 
14179.614257812 -120.0 0.0 
14190.380859375 -120.0 0.0 
14201.147460938 -120.0 4.1162491709427e-13 
14211.9140625 -120.0 0.0 
14222.680664062 -120.0 0.0 
14233.447265625 -120.0 0.0 
14244.213867188 -120.0 0.0 
14254.98046875 -120.0 0.0 
14265.747070312 -120.0 0.0 
14276.513671875 -120.0 0.0 
14287.280273438 -120.0 8.2324983418855e-13 
14298.046875 -120.0 0.0 
14308.813476562 -120.0 0.0 
14319.580078125 -120.0 0.0 
14330.346679688 -120.0 0.0 
14341.11328125 -120.0 0.0 
14351.879882812 -120.0 0.0 
14362.646484375 -120.0 0.0 
14373.413085938 -120.0 4.1162491709427e-13 
14384.1796875 -120.0 0.0 
14394.946289062 -120.0 0.0 
14405.712890625 -120.0 0.0 
14416.479492188 -120.0 0.0 
14427.24609375 -120.0 0.0 
14438.012695312 -120.0 0.0 
14448.779296875 -120.0 0.0 
14459.545898438 -120.0 3.2929991199138e-12 
14470.3125 -120.0 0.0 
14481.079101562 -120.0 0.0 
14491.845703125 -120.0 0.0 
14502.612304688 -120.0 0.0 
14513.37890625 -120.0 0.0 
14524.145507812 -120.0 0.0 
14534.912109375 -120.0 0.0 
14545.678710938 -120.0 4.1162488998922e-13 
14556.4453125 -120.0 0.0 
14567.211914062 -120.0 0.0 
14577.978515625 -120.0 0.0 
14588.745117188 -120.0 0.0 
14599.51171875 -120.0 0.0 
14610.278320312 -120.0 0.0 
14621.044921875 -120.0 0.0 
14631.811523438 -120.0 8.2324983418855e-13 
14642.578125 -120.0 0.0 
14653.344726562 -120.0 0.0 
14664.111328125 -120.0 0.0 
14674.877929688 -120.0 0.0 
14685.64453125 -120.0 0.0 
14696.411132812 -120.0 0.0 
14707.177734375 -120.0 0.0 
14717.944335938 -120.0 4.1162488998922e-13 
14728.7109375 -120.0 0.0 
14739.477539062 -120.0 0.0 
14750.244140625 -120.0 0.0 
14761.010742188 -120.0 0.0 
14771.77734375 -120.0 0.0 
14782.543945312 -120.0 0.0 
14793.310546875 -120.0 0.0 
14804.077148438 -120.0 1.6464995599569e-12 
14814.84375 -120.0 0.0 
14825.610351562 -120.0 0.0 
14836.376953125 -120.0 0.0 
14847.143554688 -120.0 0.0 
14857.91015625 -120.0 0.0 
14868.676757812 -120.0 0.0 
14879.443359375 -120.0 0.0 
14890.209960938 -120.0 4.1162488998922e-13 
14900.9765625 -120.0 0.0 
14911.743164062 -120.0 0.0 
14922.509765625 -120.0 0.0 
14933.276367188 -120.0 0.0 
14944.04296875 -120.0 0.0 
14954.809570312 -120.0 0.0 
14965.576171875 -120.0 0.0 
14976.342773438 -120.0 8.2324988839866e-13 
14987.109375 -120.0 0.0 
14997.875976562 -120.0 0.0 
15008.642578125 -120.0 0.0 
15019.409179688 -120.0 0.0 
15030.17578125 -120.0 0.0 
15040.942382812 -120.0 0.0 
15051.708984375 -120.0 0.0 
15062.475585938 -120.0 4.1162480867406e-13 
15073.2421875 -120.0 0.0 
15084.008789062 -120.0 0.0 
15094.775390625 -120.0 0.0 
15105.541992188 -120.0 0.0 
15116.30859375 -120.0 0.0 
15127.075195312 -120.0 0.0 
15137.841796875 -120.0 0.0 
15148.608398438 -120.0 6.5859986735084e-12 
15159.375 -120.0 0.0 
15170.141601562 -120.0 0.0 
15180.908203125 -120.0 0.0 
15191.674804688 -120.0 0.0 
15202.44140625 -120.0 0.0 
15213.208007812 -120.0 0.0 
15223.974609375 -120.0 0.0 
15234.741210938 -120.0 4.1162491709427e-13 
15245.5078125 -120.0 0.0 
15256.274414062 -120.0 0.0 
15267.041015625 -120.0 0.0 
15277.807617188 -120.0 0.0 
15288.57421875 -120.0 0.0 
15299.340820312 -120.0 0.0 
15310.107421875 -120.0 0.0 
15320.874023438 -120.0 8.2324977997844e-13 
15331.640625 -120.0 0.0 
15342.407226562 -120.0 0.0 
15353.173828125 -120.0 0.0 
15363.940429688 -120.0 0.0 
15374.70703125 -120.0 0.0 
15385.473632812 -120.0 0.0 
15396.240234375 -120.0 0.0 
15407.006835938 -120.0 4.1162494419933e-13 
15417.7734375 -120.0 0.0 
15428.540039062 -120.0 0.0 
15439.306640625 -120.0 0.0 
15450.073242188 -120.0 0.0 
15460.83984375 -120.0 0.0 
15471.606445312 -120.0 0.0 
15482.373046875 -120.0 0.0 
15493.139648438 -120.0 1.6464996683771e-12 
15503.90625 -120.0 0.0 
15514.672851562 -120.0 0.0 
15525.439453125 -120.0 0.0 
15536.206054688 -120.0 0.0 
15546.97265625 -120.0 0.0 
15557.739257812 -120.0 0.0 
15568.505859375 -120.0 0.0 
15579.272460938 -120.0 4.1162491709427e-13 
15590.0390625 -120.0 0.0 
15600.805664062 -120.0 0.0 
15611.572265625 -120.0 0.0 
15622.338867188 -120.0 0.0 
15633.10546875 -120.0 0.0 
15643.872070312 -120.0 0.0 
15654.638671875 -120.0 0.0 
15665.405273438 -120.0 8.2324977997844e-13 
15676.171875 -120.0 0.0 
15686.938476562 -120.0 0.0 
15697.705078125 -120.0 0.0 
15708.471679688 -120.0 0.0 
15719.23828125 -120.0 0.0 
15730.004882812 -120.0 0.0 
15740.771484375 -120.0 0.0 
15751.538085938 -120.0 4.1162486288417e-13 
15762.3046875 -120.0 0.0 
15773.071289062 -120.0 0.0 
15783.837890625 -120.0 0.0 
15794.604492188 -120.0 0.0 
15805.37109375 -120.0 0.0 
15816.137695312 -120.0 0.0 
15826.904296875 -120.0 0.0 
15837.670898438 -120.0 3.2929993367542e-12 
15848.4375 -120.0 0.0 
15859.204101562 -120.0 0.0 
15869.970703125 -120.0 0.0 
15880.737304688 -120.0 0.0 
15891.50390625 -120.0 0.0 
15902.270507812 -120.0 0.0 
15913.037109375 -120.0 0.0 
15923.803710938 -120.0 4.11624781569e-13 
15934.5703125 -120.0 0.0 
15945.336914062 -120.0 0.0 
15956.103515625 -120.0 0.0 
15966.870117188 -120.0 0.0 
15977.63671875 -120.0 0.0 
15988.403320312 -120.0 0.0 
15999.169921875 -120.0 0.0 
16009.936523438 -120.0 8.2324967155822e-13 
16020.703125 -120.0 0.0 
16031.469726562 -120.0 0.0 
16042.236328125 -120.0 0.0 
16053.002929688 -120.0 0.0 
16063.76953125 -120.0 0.0 
16074.536132812 -120.0 0.0 
16085.302734375 -120.0 0.0 
16096.069335938 -120.0 4.1162488998922e-13 
16106.8359375 -120.0 0.0 
16117.602539062 -120.0 0.0 
16128.369140625 -120.0 0.0 
16139.135742188 -120.0 0.0 
16149.90234375 -120.0 0.0 
16160.668945312 -120.0 0.0 
16171.435546875 -120.0 0.0 
16182.202148438 -120.0 1.6464992346962e-12 
16192.96875 -120.0 0.0 
16203.735351562 -120.0 0.0 
16214.501953125 -120.0 0.0 
16225.268554688 -120.0 0.0 
16236.03515625 -120.0 0.0 
16246.801757812 -120.0 0.0 
16257.568359375 -120.0 0.0 
16268.334960938 -120.0 4.1162483577911e-13 
16279.1015625 -120.0 0.0 
16289.868164062 -120.0 0.0 
16300.634765625 -120.0 0.0 
16311.401367188 -120.0 0.0 
16322.16796875 -120.0 0.0 
16332.934570312 -120.0 0.0 
16343.701171875 -120.0 0.0 
16354.467773438 -120.0 8.2324994260877e-13 
16365.234375 -120.0 0.0 
16376.000976562 -120.0 0.0 
16386.767578125 -120.0 0.0 
16397.534179688 -120.0 0.0 
16408.30078125 -120.0 0.0 
16419.067382812 -120.0 0.0 
16429.833984375 -120.0 0.0 
16440.600585938 -120.0 4.1162499840944e-13 
16451.3671875 -120.0 0.0 
16462.133789062 -120.0 0.0 
16472.900390625 -120.0 0.0 
16483.666992188 -120.0 0.0 
16494.43359375 -120.0 0.0 
16505.200195312 -120.0 0.0 
16515.966796875 -120.0 0.0 
16526.733398438 -120.0 2.6343996428757e-11 
16537.5 -120.0 0.0 
16548.266601562 -120.0 0.0 
16559.033203125 -120.0 0.0 
16569.799804688 -120.0 0.0 
16580.56640625 -120.0 0.0 
16591.333007812 -120.0 0.0 
16602.099609375 -120.0 0.0 
16612.866210938 -120.0 4.1162486288417e-13 
16623.6328125 -120.0 0.0 
16634.399414062 -120.0 0.0 
16645.166015625 -120.0 0.0 
16655.932617188 -120.0 0.0 
16666.69921875 -120.0 0.0 
16677.465820312 -120.0 0.0 
16688.232421875 -120.0 0.0 
16698.999023438 -120.0 8.2324972576833e-13 
16709.765625 -120.0 0.0 
16720.532226562 -120.0 0.0 
16731.298828125 -120.0 0.0 
16742.065429688 -120.0 0.0 
16752.83203125 -120.0 0.0 
16763.598632812 -120.0 0.0 
16774.365234375 -120.0 0.0 
16785.131835938 -120.0 4.1162488998922e-13 
16795.8984375 -120.0 0.0 
16806.665039062 -120.0 0.0 
16817.431640625 -120.0 0.0 
16828.198242188 -120.0 0.0 
16838.96484375 -120.0 0.0 
16849.731445312 -120.0 0.0 
16860.498046875 -120.0 0.0 
16871.264648438 -120.0 1.6464995599569e-12 
16882.03125 -120.0 0.0 
16892.797851562 -120.0 0.0 
16903.564453125 -120.0 0.0 
16914.331054688 -120.0 0.0 
16925.09765625 -120.0 0.0 
16935.864257812 -120.0 0.0 
16946.630859375 -120.0 0.0 
16957.397460938 -120.0 4.1162497130438e-13 
16968.1640625 -120.0 0.0 
16978.930664062 -120.0 0.0 
16989.697265625 -120.0 0.0 
17000.463867188 -120.0 0.0 
17011.23046875 -120.0 0.0 
17021.997070312 -120.0 0.0 
17032.763671875 -120.0 0.0 
17043.530273438 -120.0 8.2324983418855e-13 
17054.296875 -120.0 0.0 
17065.063476562 -120.0 0.0 
17075.830078125 -120.0 0.0 
17086.596679688 -120.0 0.0 
17097.36328125 -120.0 0.0 
17108.129882812 -120.0 0.0 
17118.896484375 -120.0 0.0 
17129.663085938 -120.0 4.1162497130438e-13 
17140.4296875 -120.0 0.0 
17151.196289062 -120.0 0.0 
17161.962890625 -120.0 0.0 
17172.729492188 -120.0 0.0 
17183.49609375 -120.0 0.0 
17194.262695312 -120.0 0.0 
17205.029296875 -120.0 0.0 
17215.795898438 -120.0 3.2929991199138e-12 
17226.5625 -120.0 0.0 
17237.329101562 -120.0 0.0 
17248.095703125 -120.0 0.0 
17258.862304688 -120.0 0.0 
17269.62890625 -120.0 0.0 
17280.395507812 -120.0 0.0 
17291.162109375 -120.0 0.0 
17301.928710938 -120.0 4.1162486288417e-13 
17312.6953125 -120.0 0.0 
17323.461914062 -120.0 0.0 
17334.228515625 -120.0 0.0 
17344.995117188 -120.0 0.0 
17355.76171875 -120.0 0.0 
17366.528320312 -120.0 0.0 
17377.294921875 -120.0 0.0 
17388.061523438 -120.0 8.2324977997844e-13 
17398.828125 -120.0 0.0 
17409.594726562 -120.0 0.0 
17420.361328125 -120.0 0.0 
17431.127929688 -120.0 0.0 
17441.89453125 -120.0 0.0 
17452.661132812 -120.0 0.0 
17463.427734375 -120.0 0.0 
17474.194335938 -120.0 4.1162491709427e-13 
17484.9609375 -120.0 0.0 
17495.727539062 -120.0 0.0 
17506.494140625 -120.0 0.0 
17517.260742188 -120.0 0.0 
17528.02734375 -120.0 0.0 
17538.793945312 -120.0 0.0 
17549.560546875 -120.0 0.0 
17560.327148438 -120.0 1.6464996683771e-12 
17571.09375 -120.0 0.0 
17581.860351562 -120.0 0.0 
17592.626953125 -120.0 0.0 
17603.393554688 -120.0 0.0 
17614.16015625 -120.0 0.0 
17624.926757812 -120.0 0.0 
17635.693359375 -120.0 0.0 
17646.459960938 -120.0 4.1162491709427e-13 
17657.2265625 -120.0 0.0 
17667.993164062 -120.0 0.0 
17678.759765625 -120.0 0.0 
17689.526367188 -120.0 0.0 
17700.29296875 -120.0 0.0 
17711.059570312 -120.0 0.0 
17721.826171875 -120.0 0.0 
17732.592773438 -120.0 8.2324983418855e-13 
17743.359375 -120.0 0.0 
17754.125976562 -120.0 0.0 
17764.892578125 -120.0 0.0 
17775.659179688 -120.0 0.0 
17786.42578125 -120.0 0.0 
17797.192382812 -120.0 0.0 
17807.958984375 -120.0 0.0 
17818.725585938 -120.0 4.1162491709427e-13 
17829.4921875 -120.0 0.0 
17840.258789062 -120.0 0.0 
17851.025390625 -120.0 0.0 
17861.791992188 -120.0 0.0 
17872.55859375 -120.0 0.0 
17883.325195312 -120.0 0.0 
17894.091796875 -120.0 0.0 
17904.858398438 -120.0 6.5859982398275e-12 
17915.625 -120.0 0.0 
17926.391601562 -120.0 0.0 
17937.158203125 -120.0 0.0 
17947.924804688 -120.0 0.0 
17958.69140625 -120.0 0.0 
17969.458007812 -120.0 0.0 
17980.224609375 -120.0 0.0 
17990.991210938 -120.0 4.1162486288417e-13 
18001.7578125 -120.0 0.0 
18012.524414062 -120.0 0.0 
18023.291015625 -120.0 0.0 
18034.057617188 -120.0 0.0 
18044.82421875 -120.0 0.0 
18055.590820312 -120.0 0.0 
18066.357421875 -120.0 0.0 
18077.124023438 -120.0 8.2324977997844e-13 
18087.890625 -120.0 0.0 
18098.657226562 -120.0 0.0 
18109.423828125 -120.0 0.0 
18120.190429688 -120.0 0.0 
18130.95703125 -120.0 0.0 
18141.723632812 -120.0 0.0 
18152.490234375 -120.0 0.0 
18163.256835938 -120.0 4.1162488998922e-13 
18174.0234375 -120.0 0.0 
18184.790039062 -120.0 0.0 
18195.556640625 -120.0 0.0 
18206.323242188 -120.0 0.0 
18217.08984375 -120.0 0.0 
18227.856445312 -120.0 0.0 
18238.623046875 -120.0 0.0 
18249.389648438 -120.0 1.6464997767973e-12 
18260.15625 -120.0 0.0 
18270.922851562 -120.0 0.0 
18281.689453125 -120.0 0.0 
18292.456054688 -120.0 0.0 
18303.22265625 -120.0 0.0 
18313.989257812 -120.0 0.0 
18324.755859375 -120.0 0.0 
18335.522460938 -120.0 4.1162486288417e-13 
18346.2890625 -120.0 0.0 
18357.055664062 -120.0 0.0 
18367.822265625 -120.0 0.0 
18378.588867188 -120.0 0.0 
18389.35546875 -120.0 0.0 
18400.122070312 -120.0 0.0 
18410.888671875 -120.0 0.0 
18421.655273438 -120.0 8.2324994260877e-13 
18432.421875 -120.0 0.0 
18443.188476562 -120.0 0.0 
18453.955078125 -120.0 0.0 
18464.721679688 -120.0 0.0 
18475.48828125 -120.0 0.0 
18486.254882812 -120.0 0.0 
18497.021484375 -120.0 0.0 
18507.788085938 -120.0 4.1162494419933e-13 
18518.5546875 -120.0 0.0 
18529.321289062 -120.0 0.0 
18540.087890625 -120.0 0.0 
18550.854492188 -120.0 0.0 
18561.62109375 -120.0 0.0 
18572.387695312 -120.0 0.0 
18583.154296875 -120.0 0.0 
18593.920898438 -120.0 3.2929993367542e-12 
18604.6875 -120.0 0.0 
18615.454101562 -120.0 0.0 
18626.220703125 -120.0 0.0 
18636.987304688 -120.0 0.0 
18647.75390625 -120.0 0.0 
18658.520507812 -120.0 0.0 
18669.287109375 -120.0 0.0 
18680.053710938 -120.0 4.1162488998922e-13 
18690.8203125 -120.0 0.0 
18701.586914062 -120.0 0.0 
18712.353515625 -120.0 0.0 
18723.120117188 -120.0 0.0 
18733.88671875 -120.0 0.0 
18744.653320312 -120.0 0.0 
18755.419921875 -120.0 0.0 
18766.186523438 -120.0 8.2324977997844e-13 
18776.953125 -120.0 0.0 
18787.719726562 -120.0 0.0 
18798.486328125 -120.0 0.0 
18809.252929688 -120.0 0.0 
18820.01953125 -120.0 0.0 
18830.786132812 -120.0 0.0 
18841.552734375 -120.0 0.0 
18852.319335938 -120.0 4.1162488998922e-13 
18863.0859375 -120.0 0.0 
18873.852539062 -120.0 0.0 
18884.619140625 -120.0 0.0 
18895.385742188 -120.0 0.0 
18906.15234375 -120.0 0.0 
18916.918945312 -120.0 0.0 
18927.685546875 -120.0 0.0 
18938.452148438 -120.0 1.6464995599569e-12 
18949.21875 -120.0 0.0 
18959.985351562 -120.0 0.0 
18970.751953125 -120.0 0.0 
18981.518554688 -120.0 0.0 
18992.28515625 -120.0 0.0 
19003.051757812 -120.0 0.0 
19013.818359375 -120.0 0.0 
19024.584960938 -120.0 4.1162486288417e-13 
19035.3515625 -120.0 0.0 
19046.118164062 -120.0 0.0 
19056.884765625 -120.0 0.0 
19067.651367188 -120.0 0.0 
19078.41796875 -120.0 0.0 
19089.184570312 -120.0 0.0 
19099.951171875 -120.0 0.0 
19110.717773438 -120.0 8.2324972576833e-13 
19121.484375 -120.0 0.0 
19132.250976562 -120.0 0.0 
19143.017578125 -120.0 0.0 
19153.784179688 -120.0 0.0 
19164.55078125 -120.0 0.0 
19175.317382812 -120.0 0.0 
19186.083984375 -120.0 0.0 
19196.850585938 -120.0 4.1162491709427e-13 
19207.6171875 -120.0 0.0 
19218.383789062 -120.0 0.0 
19229.150390625 -120.0 0.0 
19239.916992188 -120.0 0.0 
19250.68359375 -120.0 0.0 
19261.450195312 -120.0 0.0 
19272.216796875 -120.0 0.0 
19282.983398438 -120.0 1.317199908174e-11 
19293.75 -120.0 0.0 
19304.516601562 -120.0 0.0 
19315.283203125 -120.0 0.0 
19326.049804688 -120.0 0.0 
19336.81640625 -120.0 0.0 
19347.583007812 -120.0 0.0 
19358.349609375 -120.0 0.0 
19369.116210938 -120.0 4.1162488998922e-13 
19379.8828125 -120.0 0.0 
19390.649414062 -120.0 0.0 
19401.416015625 -120.0 0.0 
19412.182617188 -120.0 0.0 
19422.94921875 -120.0 0.0 
19433.715820312 -120.0 0.0 
19444.482421875 -120.0 0.0 
19455.249023438 -120.0 8.2324977997844e-13 
19466.015625 -120.0 0.0 
19476.782226562 -120.0 0.0 
19487.548828125 -120.0 0.0 
19498.315429688 -120.0 0.0 
19509.08203125 -120.0 0.0 
19519.848632812 -120.0 0.0 
19530.615234375 -120.0 0.0 
19541.381835938 -120.0 4.1162488998922e-13 
19552.1484375 -120.0 0.0 
19562.915039062 -120.0 0.0 
19573.681640625 -120.0 0.0 
19584.448242188 -120.0 0.0 
19595.21484375 -120.0 0.0 
19605.981445312 -120.0 0.0 
19616.748046875 -120.0 0.0 
19627.514648438 -120.0 1.6464994515367e-12 
19638.28125 -120.0 0.0 
19649.047851562 -120.0 0.0 
19659.814453125 -120.0 0.0 
19670.581054688 -120.0 0.0 
19681.34765625 -120.0 0.0 
19692.114257812 -120.0 0.0 
19702.880859375 -120.0 0.0 
19713.647460938 -120.0 4.1162488998922e-13 
19724.4140625 -120.0 0.0 
19735.180664062 -120.0 0.0 
19745.947265625 -120.0 0.0 
19756.713867188 -120.0 0.0 
19767.48046875 -120.0 0.0 
19778.247070312 -120.0 0.0 
19789.013671875 -120.0 0.0 
19799.780273438 -120.0 8.2324983418855e-13 
19810.546875 -120.0 0.0 
19821.313476562 -120.0 0.0 
19832.080078125 -120.0 0.0 
19842.846679688 -120.0 0.0 
19853.61328125 -120.0 0.0 
19864.379882812 -120.0 0.0 
19875.146484375 -120.0 0.0 
19885.913085938 -120.0 4.1162494419933e-13 
19896.6796875 -120.0 0.0 
19907.446289062 -120.0 0.0 
19918.212890625 -120.0 0.0 
19928.979492188 -120.0 0.0 
19939.74609375 -120.0 0.0 
19950.512695312 -120.0 0.0 
19961.279296875 -120.0 0.0 
19972.045898438 -120.0 3.2929989030733e-12 
19982.8125 -120.0 0.0 
19993.579101562 -120.0 0.0 
20004.345703125 -120.0 0.0 
20015.112304688 -120.0 0.0 
20025.87890625 -120.0 0.0 
20036.645507812 -120.0 0.0 
20047.412109375 -120.0 0.0 
20058.178710938 -120.0 4.1162488998922e-13 
20068.9453125 -120.0 0.0 
20079.711914062 -120.0 0.0 
20090.478515625 -120.0 0.0 
20101.245117188 -120.0 0.0 
20112.01171875 -120.0 0.0 
20122.778320312 -120.0 0.0 
20133.544921875 -120.0 0.0 
20144.311523438 -120.0 8.2324972576833e-13 
20155.078125 -120.0 0.0 
20165.844726562 -120.0 0.0 
20176.611328125 -120.0 0.0 
20187.377929688 -120.0 0.0 
20198.14453125 -120.0 0.0 
20208.911132812 -120.0 0.0 
20219.677734375 -120.0 0.0 
20230.444335938 -120.0 4.1162488998922e-13 
20241.2109375 -120.0 0.0 
20251.977539062 -120.0 0.0 
20262.744140625 -120.0 0.0 
20273.510742188 -120.0 0.0 
20284.27734375 -120.0 0.0 
20295.043945312 -120.0 0.0 
20305.810546875 -120.0 0.0 
20316.577148438 -120.0 1.6464997767973e-12 
20327.34375 -120.0 0.0 
20338.110351562 -120.0 0.0 
20348.876953125 -120.0 0.0 
20359.643554688 -120.0 0.0 
20370.41015625 -120.0 0.0 
20381.176757812 -120.0 0.0 
20391.943359375 -120.0 0.0 
20402.709960938 -120.0 4.1162488998922e-13 
20413.4765625 -120.0 0.0 
20424.243164062 -120.0 0.0 
20435.009765625 -120.0 0.0 
20445.776367188 -120.0 0.0 
20456.54296875 -120.0 0.0 
20467.309570312 -120.0 0.0 
20478.076171875 -120.0 0.0 
20488.842773438 -120.0 8.2324988839866e-13 
20499.609375 -120.0 0.0 
20510.375976562 -120.0 0.0 
20521.142578125 -120.0 0.0 
20531.909179688 -120.0 0.0 
20542.67578125 -120.0 0.0 
20553.442382812 -120.0 0.0 
20564.208984375 -120.0 0.0 
20574.975585938 -120.0 4.1162488998922e-13 
20585.7421875 -120.0 0.0 
20596.508789062 -120.0 0.0 
20607.275390625 -120.0 0.0 
20618.041992188 -120.0 0.0 
20628.80859375 -120.0 0.0 
20639.575195312 -120.0 0.0 
20650.341796875 -120.0 0.0 
20661.108398438 -120.0 6.5859986735084e-12 
20671.875 -120.0 0.0 
20682.641601562 -120.0 0.0 
20693.408203125 -120.0 0.0 
20704.174804688 -120.0 0.0 
20714.94140625 -120.0 0.0 
20725.708007812 -120.0 0.0 
20736.474609375 -120.0 0.0 
20747.241210938 -120.0 4.1162491709427e-13 
20758.0078125 -120.0 0.0 
20768.774414062 -120.0 0.0 
20779.541015625 -120.0 0.0 
20790.307617188 -120.0 0.0 
20801.07421875 -120.0 0.0 
20811.840820312 -120.0 0.0 
20822.607421875 -120.0 0.0 
20833.374023438 -120.0 8.2324972576833e-13 
20844.140625 -120.0 0.0 
20854.907226562 -120.0 0.0 
20865.673828125 -120.0 0.0 
20876.440429688 -120.0 0.0 
20887.20703125 -120.0 0.0 
20897.973632812 -120.0 0.0 
20908.740234375 -120.0 0.0 
20919.506835938 -120.0 4.1162491709427e-13 
20930.2734375 -120.0 0.0 
20941.040039062 -120.0 0.0 
20951.806640625 -120.0 0.0 
20962.573242188 -120.0 0.0 
20973.33984375 -120.0 0.0 
20984.106445312 -120.0 0.0 
20994.873046875 -120.0 0.0 
21005.639648438 -120.0 1.6464995599569e-12 
21016.40625 -120.0 0.0 
21027.172851562 -120.0 0.0 
21037.939453125 -120.0 0.0 
21048.706054688 -120.0 0.0 
21059.47265625 -120.0 0.0 
21070.239257812 -120.0 0.0 
21081.005859375 -120.0 0.0 
21091.772460938 -120.0 4.1162486288417e-13 
21102.5390625 -120.0 0.0 
21113.305664062 -120.0 0.0 
21124.072265625 -120.0 0.0 
21134.838867188 -120.0 0.0 
21145.60546875 -120.0 0.0 
21156.372070312 -120.0 0.0 
21167.138671875 -120.0 0.0 
21177.905273438 -120.0 8.2324994260877e-13 
21188.671875 -120.0 0.0 
21199.438476562 -120.0 0.0 
21210.205078125 -120.0 0.0 
21220.971679688 -120.0 0.0 
21231.73828125 -120.0 0.0 
21242.504882812 -120.0 0.0 
21253.271484375 -120.0 0.0 
21264.038085938 -120.0 4.1162494419933e-13 
21274.8046875 -120.0 0.0 
21285.571289062 -120.0 0.0 
21296.337890625 -120.0 0.0 
21307.104492188 -120.0 0.0 
21317.87109375 -120.0 0.0 
21328.637695312 -120.0 0.0 
21339.404296875 -120.0 0.0 
21350.170898438 -120.0 3.2929993367542e-12 
21360.9375 -120.0 0.0 
21371.704101562 -120.0 0.0 
21382.470703125 -120.0 0.0 
21393.237304688 -120.0 0.0 
21404.00390625 -120.0 0.0 
21414.770507812 -120.0 0.0 
21425.537109375 -120.0 0.0 
21436.303710938 -120.0 4.1162483577911e-13 
21447.0703125 -120.0 0.0 
21457.836914062 -120.0 0.0 
21468.603515625 -120.0 0.0 
21479.370117188 -120.0 0.0 
21490.13671875 -120.0 0.0 
21500.903320312 -120.0 0.0 
21511.669921875 -120.0 0.0 
21522.436523438 -120.0 8.2324983418855e-13 
21533.203125 -120.0 0.0 
21543.969726562 -120.0 0.0 
21554.736328125 -120.0 0.0 
21565.502929688 -120.0 0.0 
21576.26953125 -120.0 0.0 
21587.036132812 -120.0 0.0 
21597.802734375 -120.0 0.0 
21608.569335938 -120.0 4.1162497130438e-13 
21619.3359375 -120.0 0.0 
21630.102539062 -120.0 0.0 
21640.869140625 -120.0 0.0 
21651.635742188 -120.0 0.0 
21662.40234375 -120.0 0.0 
21673.168945312 -120.0 0.0 
21683.935546875 -120.0 0.0 
21694.702148438 -120.0 1.6464997767973e-12 
21705.46875 -120.0 0.0 
21716.235351562 -120.0 0.0 
21727.001953125 -120.0 0.0 
21737.768554688 -120.0 0.0 
21748.53515625 -120.0 0.0 
21759.301757812 -120.0 0.0 
21770.068359375 -120.0 0.0 
21780.834960938 -120.0 4.1162491709427e-13 
21791.6015625 -120.0 0.0 
21802.368164062 -120.0 0.0 
21813.134765625 -120.0 0.0 
21823.901367188 -120.0 0.0 
21834.66796875 -120.0 0.0 
21845.434570312 -120.0 0.0 
21856.201171875 -120.0 0.0 
21866.967773438 -120.0 8.2324983418855e-13 
21877.734375 -120.0 0.0 
21888.500976562 -120.0 0.0 
21899.267578125 -120.0 0.0 
21910.034179688 -120.0 0.0 
21920.80078125 -120.0 0.0 
21931.567382812 -120.0 0.0 
21942.333984375 -120.0 0.0 
21953.100585938 -120.0 4.1162491709427e-13 
21963.8671875 -120.0 0.0 
21974.633789062 -120.0 0.0 
21985.400390625 -120.0 0.0 
21996.166992188 -120.0 0.0 
22006.93359375 -120.0 0.0 
22017.700195312 -120.0 0.0 
22028.466796875 -120.0 0.0 
