0.079682	
0.158858	
0.237024	
0.313682	
0.382683	
0.455084	
0.524590	
0.590760	
0.653173	
0.707107	
0.761202	
0.810457	
0.854558	
0.893224	
0.923880	
0.951435	
0.972940	
0.988258	
0.996820	
1.000000	
0.996820	
0.987301	
0.971504	
0.951435	
0.923880	
0.890449	
0.851355	
0.806848	
0.761202	
0.707107	
0.648514	
0.585798	
0.524590	
0.455083	
0.382683	
0.307849	
0.231058	
0.158858	
0.079682	
-0.000000	
-0.079683	
-0.158858	
-0.231058	
-0.307850	
-0.382683	
-0.455084	
-0.524590	
-0.585798	
-0.648515	
-0.707107	
-0.761202	
-0.806848	
-0.851355	
-0.890449	
-0.923880	
-0.951435	
-0.971504	
-0.987301	
-0.996820	
-1.000000	
-0.996820	
-0.988258	
-0.972940	
-0.951435	
-0.923879	
-0.893224	
-0.854558	
-0.810457	
-0.761202	
-0.707107	
-0.653173	
-0.590759	
-0.524590	
-0.455083	
-0.382683	
-0.313682	
-0.237024	
-0.158858	
-0.079682	
-0.006136	
0.079682	
0.158858	
0.237024	
0.313682	
0.382683	
0.455084	
0.524590	
0.590760	
0.653173	
0.707107	
0.761202	
0.810457	
0.854558	
0.893224	
0.923880	
0.951435	
0.972940	
0.988258	
0.996820	
1.000000	
0.996820	
0.987301	
0.971504	
0.951435	
0.923880	
0.890449	
0.851355	
0.806848	
0.761202	
0.707107	
0.648514	
0.585798	
0.524590	
0.455083	
0.382683	
0.307849	
0.231058	
0.158858	
0.079682	
-0.000000	
-0.079683	
-0.158858	
-0.231058	
-0.307850	
-0.382683	
-0.455084	
-0.524590	
-0.585798	
-0.648515	
-0.707107	
-0.761202	
-0.806848	
-0.851355	
-0.890449	
-0.923880	
-0.951435	
-0.971504	
-0.987301	
-0.996820	
-1.000000	
-0.996820	
-0.988258	
-0.972940	
-0.951435	
-0.923879	
-0.893224	
-0.854558	
-0.810457	
-0.761202	
-0.707107	
-0.653173	
-0.590759	
-0.524590	
-0.455083	
-0.382683	
-0.313682	
-0.237024	
-0.158858	
-0.079682	
-0.006136	
0.079682	
0.158858	
0.237024	
0.313682	
0.382683	
0.455084	
0.524590	
0.590760	
0.653173	
0.707107	
0.761202	
0.810457	
0.854558	
0.893224	
0.923880	
0.951435	
0.972940	
0.988258	
0.996820	
1.000000	
0.996820	
0.987301	
0.971504	
0.951435	
0.923880	
0.890449	
0.851355	
0.806848	
0.761202	
0.707107	
0.648514	
0.585798	
0.524590	
0.455083	
0.382683	
0.307849	
0.231058	
0.158858	
0.079682	
-0.000000	
-0.079683	
-0.158858	
-0.231058	
-0.307850	
-0.382683	
-0.455084	
-0.524590	
-0.585798	
-0.648515	
-0.707107	
-0.761202	
-0.806848	
-0.851355	
-0.890449	
-0.923880	
-0.951435	
-0.971504	
-0.987301	
-0.996820	
-1.000000	
-0.996820	
-0.988258	
-0.972940	
-0.951435	
-0.923879	
-0.893224	
-0.854558	
-0.810457	
-0.761202	
-0.707107	
-0.653173	
-0.590759	
-0.524590	
-0.455083	
-0.382683	
-0.313682	
-0.237024	
-0.158858	
-0.079682	
-0.006136	
0.079682	
0.158858	
0.237024	
0.313682	
0.382683	
0.455084	
0.524590	
0.590760	
0.653173	
0.707107	
0.761202	
0.810457	
0.854558	
0.893224	
0.923880	
0.951435	
0.972940	
0.988258	
0.996820	
1.000000	
0.996820	
0.987301	
0.971504	
0.951435	
0.923880	
0.890449	
0.851355	
0.806848	
0.761202	
0.707107	
0.648514	
0.585798	
0.524590	
0.455083	
0.382683	
0.307849	
0.231058	
0.158858	
0.079682	
-0.000000	
-0.079683	
-0.158858	
-0.231058	
-0.307850	
-0.382683	
-0.455084	
-0.524590	
-0.585798	
-0.648515	
-0.707107	
-0.761202	
-0.806848	
-0.851355	
-0.890449	
-0.923880	
-0.951435	
-0.971504	
-0.987301	
-0.996820	
-1.000000	
-0.996820	
-0.988258	
-0.972940	
-0.951435	
-0.923879	
-0.893224	
-0.854558	
-0.810457	
-0.761202	
-0.707107	
-0.653173	
-0.590759	
-0.524590	
-0.455083	
-0.382683	
-0.313682	
-0.237024	
-0.158858	
-0.079682	
-0.006136	
0.079682	
0.158858	
0.237024	
0.313682	
0.382683	
0.455084	
0.524590	
0.590760	
0.653173	
0.707107	
0.761202	
0.810457	
0.854558	
0.893224	
0.923880	
0.951435	
0.972940	
0.988258	
0.996820	
1.000000	
0.996820	
0.987301	
0.971504	
0.951435	
0.923880	
0.890449	
0.851355	
0.806848	
0.761202	
0.707107	
0.648514	
0.585798	
0.524590	
0.455083	
0.382683	
0.307849	
0.231058	
0.158858	
0.079682	
-0.000000	
-0.079683	
-0.158858	
-0.231058	
-0.307850	
-0.382683	
-0.455084	
-0.524590	
-0.585798	
-0.648515	
-0.707107	
-0.761202	
-0.806848	
-0.851355	
-0.890449	
-0.923880	
-0.951435	
-0.971504	
-0.987301	
-0.996820	
-1.000000	
-0.996820	
-0.988258	
-0.972940	
-0.951435	
-0.923879	
-0.893224	
-0.854558	
-0.810457	
-0.761202	
-0.707107	
-0.653173	
-0.590759	
-0.524590	
-0.455083	
-0.382683	
-0.313682	
-0.237024	
-0.158858	
-0.079682	
-0.006136	
0.079682	
0.158858	
0.237024	
0.313682	
0.382683	
0.455084	
0.524590	
0.590760	
0.653173	
0.707107	
0.761202	
0.810457	
0.854558	
0.893224	
0.923880	
0.951435	
0.972940	
0.988258	
0.996820	
1.000000	
0.996820	
0.987301	
0.971504	
0.951435	
0.923880	
0.890449	
0.851355	
0.806848	
0.761202	
0.707107	
0.648514	
0.585798	
0.524590	
0.455083	
0.382683	
0.307849	
0.231058	
0.158858	
0.079682	
-0.000000	
-0.079683	
-0.158858	
-0.231058	
-0.307850	
-0.382683	
-0.455084	
-0.524590	
-0.585798	
-0.648515	
-0.707107	
-0.761202	
-0.806848	
-0.851355	
-0.890449	
-0.923880	
-0.951435	
-0.971504	
-0.987301	
-0.996820	
-1.000000	
-0.996820	
-0.988258	
-0.972940	
-0.951435	
-0.923879	
-0.893224	
-0.854558	
-0.810457	
-0.761202	
-0.707107	
-0.653173	
-0.590759	
-0.524590	
-0.455083	
-0.382683	
-0.313682	
-0.237024	
-0.158858	
-0.079682	
-0.006136	
0.079682	
0.158858	
0.237024	
0.313682	
0.382683	
0.455084	
0.524590	
0.590760	
0.653173	
0.707107	
0.761202	
0.810457	
0.854558	
0.893224	
0.923880	
0.951435	
0.972940	
0.988258	
0.996820	
1.000000	
0.996820	
0.987301	
0.971504	
0.951435	
0.923880	
0.890449	
0.851355	
0.806848	
0.761202	
0.707107	
0.648514	
0.585798	
0.524590	
0.455083	
0.382683	
0.307849	
0.231058	
0.158858	
0.079682	
-0.000000	
-0.079683	
-0.158858	
-0.231058	
-0.307850	
-0.382683	
-0.455084	
-0.524590	
-0.585798	
-0.648515	
-0.707107	
-0.761202	
-0.806848	
-0.851355	
-0.890449	
-0.923880	
-0.951435	
-0.971504	
-0.987301	
-0.996820	
-1.000000	
-0.996820	
-0.988258	
-0.972940	
-0.951435	
-0.923879	
-0.893224	
-0.854558	
-0.810457	
-0.761202	
-0.707107	
-0.653173	
-0.590759	
-0.524590	
-0.455083	
-0.382683	
-0.313682	
-0.237024	
-0.158858	
-0.079682	
-0.006136	
0.079682	
0.158858	
0.237024	
0.313682	
0.382683	
0.455084	
0.524590	
0.590760	
0.653173	
0.707107	
0.761202	
0.810457	
0.854558	
0.893224	
0.923880	
0.951435	
0.972940	
0.988258	
0.996820	
1.000000	
0.996820	
0.987301	
0.971504	
0.951435	
0.923880	
0.890449	
0.851355	
0.806848	
0.761202	
0.707107	
0.648514	
0.585798	
0.524590	
0.455083	
0.382683	
0.307849	
0.231058	
0.158858	
0.079682	
-0.000000	
-0.079683	
-0.158858	
-0.231058	
-0.307850	
-0.382683	
-0.455084	
-0.524590	
-0.585798	
-0.648515	
-0.707107	
-0.761202	
-0.806848	
-0.851355	
-0.890449	
-0.923880	
-0.951435	
-0.971504	
-0.987301	
-0.996820	
-1.000000	
-0.996820	
-0.988258	
-0.972940	
-0.951435	
-0.923879	
-0.893224	
-0.854558	
-0.810457	
-0.761202	
-0.707107	
-0.653173	
-0.590759	
-0.524590	
-0.455083	
-0.382683	
-0.313682	
-0.237024	
-0.158858	
-0.079682	
-0.006136	
0.079682	
0.158858	
0.237024	
0.313682	
0.382683	
0.455084	
0.524590	
0.590760	
0.653173	
0.707107	
0.761202	
0.810457	
0.854558	
0.893224	
0.923880	
0.951435	
0.972940	
0.988258	
0.996820	
1.000000	
0.996820	
0.987301	
0.971504	
0.951435	
0.923880	
0.890449	
0.851355	
0.806848	
0.761202	
0.707107	
0.648514	
0.585798	
0.524590	
0.455083	
0.382683	
0.307849	
0.231058	
0.158858	
0.079682	
-0.000000	
-0.079683	
-0.158858	
-0.231058	
-0.307850	
-0.382683	
-0.455084	
-0.524590	
-0.585798	
-0.648515	
-0.707107	
-0.761202	
-0.806848	
-0.851355	
-0.890449	
-0.923880	
-0.951435	
-0.971504	
-0.987301	
-0.996820	
-1.000000	
-0.996820	
-0.988258	
-0.972940	
-0.951435	
-0.923879	
-0.893224	
-0.854558	
-0.810457	
-0.761202	
-0.707107	
-0.653173	
-0.590759	
-0.524590	
-0.455083	
-0.382683	
-0.313682	
-0.237024	
-0.158858	
-0.079682	
-0.006136	
0.079682	
0.158858	
0.237024	
0.313682	
0.382683	
0.455084	
0.524590	
0.590760	
0.653173	
0.707107	
0.761202	
0.810457	
0.854558	
0.893224	
0.923880	
0.951435	
0.972940	
0.988258	
0.996820	
1.000000	
0.996820	
0.987301	
0.971504	
0.951435	
0.923880	
0.890449	
0.851355	
0.806848	
0.761202	
0.707107	
0.648514	
0.585798	
0.524590	
0.455083	
0.382683	
0.307849	
0.231058	
0.158858	
0.079682	
-0.000000	
-0.079683	
-0.158858	
-0.231058	
-0.307850	
-0.382683	
-0.455084	
-0.524590	
-0.585798	
-0.648515	
-0.707107	
-0.761202	
-0.806848	
-0.851355	
-0.890449	
-0.923880	
-0.951435	
-0.971504	
-0.987301	
-0.996820	
-1.000000	
-0.996820	
-0.988258	
-0.972940	
-0.951435	
-0.923879	
-0.893224	
-0.854558	
-0.810457	
-0.761202	
-0.707107	
-0.653173	
-0.590759	
-0.524590	
-0.455083	
-0.382683	
-0.313682	
-0.237024	
-0.158858	
-0.079682	
-0.006136	
0.079682	
0.158858	
0.237024	
0.313682	
0.382683	
0.455084	
0.524590	
0.590760	
0.653173	
0.707107	
0.761202	
0.810457	
0.854558	
0.893224	
0.923880	
0.951435	
0.972940	
0.988258	
0.996820	
1.000000	
0.996820	
0.987301	
0.971504	
0.951435	
0.923880	
0.890449	
0.851355	
0.806848	
0.761202	
0.707107	
0.648514	
0.585798	
0.524590	
0.455083	
0.382683	
0.307849	
0.231058	
0.158858	
0.079682	
-0.000000	
-0.079683	
-0.158858	
-0.231058	
-0.307850	
-0.382683	
-0.455084	
-0.524590	
-0.585798	
-0.648515	
-0.707107	
-0.761202	
-0.806848	
-0.851355	
-0.890449	
-0.923880	
-0.951435	
-0.971504	
-0.987301	
-0.996820	
-1.000000	
-0.996820	
-0.988258	
-0.972940	
-0.951435	
-0.923879	
-0.893224	
-0.854558	
-0.810457	
-0.761202	
-0.707107	
-0.653173	
-0.590759	
-0.524590	
-0.455083	
-0.382683	
-0.313682	
-0.237024	
-0.158858	
-0.079682	
-0.006136	
0.079682	
0.158858	
0.237024	
0.313682	
0.382683	
0.455084	
0.524590	
0.590760	
0.653173	
0.707107	
0.761202	
0.810457	
0.854558	
0.893224	
0.923880	
0.951435	
0.972940	
0.988258	
0.996820	
1.000000	
0.996820	
0.987301	
0.971504	
0.951435	
0.923880	
0.890449	
0.851355	
0.806848	
0.761202	
0.707107	
0.648514	
0.585798	
0.524590	
0.455083	
0.382683	
0.307849	
0.231058	
0.158858	
0.079682	
-0.000000	
-0.079683	
-0.158858	
-0.231058	
-0.307850	
-0.382683	
-0.455084	
-0.524590	
-0.585798	
-0.648515	
-0.707107	
-0.761202	
-0.806848	
-0.851355	
-0.890449	
-0.923880	
-0.951435	
-0.971504	
-0.987301	
-0.996820	
-1.000000	
-0.996820	
-0.988258	
-0.972940	
-0.951435	
-0.923879	
-0.893224	
-0.854558	
-0.810457	
-0.761202	
-0.707107	
-0.653173	
-0.590759	
-0.524590	
-0.455083	
-0.382683	
-0.313682	
-0.237024	
-0.158858	
-0.079682	
-0.006136	
0.079682	
0.158858	
0.237024	
0.313682	
0.382683	
0.455084	
0.524590	
0.590760	
0.653173	
0.707107	
0.761202	
0.810457	
0.854558	
0.893224	
0.923880	
0.951435	
0.972940	
0.988258	
0.996820	
1.000000	
0.996820	
0.987301	
0.971504	
0.951435	
0.923880	
0.890449	
0.851355	
0.806848	
0.761202	
0.707107	
0.648514	
0.585798	
0.524590	
0.455083	
0.382683	
0.307849	
0.231058	
0.158858	
0.079682	
-0.000000	
-0.079683	
-0.158858	
-0.231058	
-0.307850	
-0.382683	
-0.455084	
-0.524590	
-0.585798	
-0.648515	
-0.707107	
-0.761202	
-0.806848	
-0.851355	
-0.890449	
-0.923880	
-0.951435	
-0.971504	
-0.987301	
-0.996820	
-1.000000	
-0.996820	
-0.988258	
-0.972940	
-0.951435	
