0.074867	
0.155377
0.234864
0.312809
0.377376
0.451129
0.521918
0.589278
0.652767
0.703322
0.758576
0.808846
0.853805
0.893156
0.921986
0.950312
0.972398
0.988097
0.996368
1.000014
0.997093
0.987624
0.971670
0.953151
0.925506
0.891783
0.852204
0.807029
0.764547
0.709826
0.650446
0.586794
0.529757
0.459324
0.385875
0.309894
0.231878
0.164463
0.084040
0.003067
-0.077926
-0.158405
-0.225914
-0.304060
-0.380208
-0.453858
-0.524526
-0.581830
-0.645779
-0.705486
-0.760559
-0.803420
-0.848994
-0.888992
-0.923152
-0.951249
-0.970230
-0.986656
-0.996603
-1.000005
-0.996839
-0.989046
-0.973819
-0.952197
-0.924322
-0.895929
-0.856998
-0.812441
-0.762548
-0.707648
-0.657421
-0.594230
-0.527138
-0.456585
-0.383035
-0.318635
-0.240823
-0.161430
-0.080979
-0.018399
0.074871
0.155381
0.234868
0.312813
0.377380
0.451132
0.521921
0.589281
0.652771
0.703325
0.758578
0.808849
0.853807
0.893158
0.921987
0.950314
0.972399
0.988097
0.996368
1.000014
0.997093
0.987624
0.971669
0.953150
0.925504
0.891781
0.852202
0.807027
0.764544
0.709823
0.650442
0.586791
0.529753
0.459320
0.385871
0.309890
0.231874
0.164459
0.084036
0.003062
-0.077930
-0.158410
-0.225918
-0.304064
-0.380212
-0.453861
-0.524530
-0.581833
-0.645782
-0.705489
-0.760562
-0.803422
-0.848997
-0.888994
-0.923154
-0.951250
-0.970231
-0.986657
-0.996603
-1.000005
-0.996839
-0.989045
-0.973818
-0.952196
-0.924320
-0.895927
-0.856996
-0.812438
-0.762545
-0.707645
-0.657418
-0.594226
-0.527135
-0.456581
-0.383031
-0.318631
-0.240819
-0.161426
-0.080974
-0.018391
0.074875
0.155384
0.234872
0.312816
0.377383
0.451136
0.521924
0.589284
0.652773
0.703328
0.758581
0.808851
0.853809
0.893159
0.921989
0.950315
0.972399
0.988098
0.996368
1.000014
0.997092
0.987623
0.971668
0.953149
0.925503
0.891779
0.852200
0.807025
0.764542
0.709821
0.650440
0.586788
0.529750
0.459317
0.385868
0.309886
0.231871
0.164455
0.084032
0.003059
-0.077934
-0.158413
-0.225922
-0.304068
-0.380215
-0.453865
-0.524533
-0.581836
-0.645785
-0.705492
-0.760564
-0.803424
-0.848999
-0.888996
-0.923155
-0.951251
-0.970232
-0.986658
-0.996604
-1.000005
-0.996838
-0.989045
-0.973817
-0.952194
-0.924319
-0.895925
-0.856994
-0.812436
-0.762543
-0.707643
-0.657415
-0.594223
-0.527131
-0.456578
-0.383027
-0.318628
-0.240815
-0.161422
-0.080971
-0.018383
0.074879
0.155388
0.234876
0.312820
0.377387
0.451139
0.521928
0.589287
0.652776
0.703330
0.758583
0.808853
0.853811
0.893161
0.921990
0.950316
0.972400
0.988099
0.996369
1.000014
0.997092
0.987622
0.971667
0.953147
0.925501
0.891778
0.852198
0.807022
0.764539
0.709818
0.650437
0.586785
0.529747
0.459313
0.385864
0.309883
0.231867
0.164452
0.084029
0.003055
-0.077937
-0.158417
-0.225925
-0.304071
-0.380219
-0.453868
-0.524536
-0.581839
-0.645788
-0.705494
-0.760567
-0.803427
-0.849001
-0.888998
-0.923157
-0.951252
-0.970233
-0.986658
-0.996604
-1.000005
-0.996838
-0.989044
-0.973816
-0.952193
-0.924317
-0.895923
-0.856992
-0.812434
-0.762541
-0.707640
-0.657412
-0.594220
-0.527128
-0.456575
-0.383024
-0.318624
-0.240811
-0.161419
-0.080967
-0.018376
0.074882
0.155392
0.234879
0.312823
0.377390
0.451142
0.521931
0.589290
0.652779
0.703333
0.758586
0.808855
0.853813
0.893163
0.921992
0.950317
0.972401
0.988099
0.996369
1.000014
0.997092
0.987622
0.971666
0.953146
0.925500
0.891776
0.852196
0.807020
0.764537
0.709816
0.650434
0.586782
0.529744
0.459310
0.385861
0.309879
0.231863
0.164448
0.084025
0.003051
-0.077941
-0.158421
-0.225929
-0.304075
-0.380222
-0.453871
-0.524539
-0.581842
-0.645791
-0.705497
-0.760569
-0.803429
-0.849003
-0.888999
-0.923158
-0.951253
-0.970234
-0.986659
-0.996604
-1.000005
-0.996838
-0.989044
-0.973815
-0.952192
-0.924316
-0.895922
-0.856990
-0.812431
-0.762538
-0.707637
-0.657409
-0.594217
-0.527125
-0.456571
-0.383021
-0.318621
-0.240808
-0.161415
-0.080963
-0.018368
0.074886
0.155395
0.234883
0.312827
0.377393
0.451146
0.521934
0.589293
0.652782
0.703335
0.758588
0.808858
0.853815
0.893164
0.921993
0.950318
0.972402
0.988100
0.996369
1.000014
0.997092
0.987621
0.971665
0.953145
0.925498
0.891774
0.852194
0.807018
0.764534
0.709813
0.650431
0.586779
0.529741
0.459307
0.385858
0.309876
0.231860
0.164444
0.084021
0.003047
-0.077945
-0.158424
-0.225933
-0.304078
-0.380225
-0.453875
-0.524542
-0.581845
-0.645793
-0.705500
-0.760572
-0.803431
-0.849004
-0.889001
-0.923159
-0.951254
-0.970235
-0.986659
-0.996605
-1.000005
-0.996837
-0.989043
-0.973814
-0.952191
-0.924314
-0.895920
-0.856988
-0.812429
-0.762536
-0.707635
-0.657406
-0.594214
-0.527122
-0.456568
-0.383017
-0.318617
-0.240804
-0.161411
-0.080960
-0.018361
0.074890
0.155399
0.234887
0.312830
0.377397
0.451149
0.521937
0.589296
0.652785
0.703338
0.758590
0.808860
0.853817
0.893166
0.921994
0.950319
0.972403
0.988100
0.996370
1.000014
0.997091
0.987621
0.971664
0.953144
0.925497
0.891773
0.852192
0.807016
0.764532
0.709810
0.650428
0.586776
0.529737
0.459303
0.385854
0.309872
0.231856
0.164441
0.084017
0.003044
-0.077949
-0.158428
-0.225936
-0.304082
-0.380229
-0.453878
-0.524545
-0.581848
-0.645796
-0.705502
-0.760574
-0.803433
-0.849006
-0.889003
-0.923161
-0.951256
-0.970235
-0.986660
-0.996605
-1.000005
-0.996837
-0.989042
-0.973814
-0.952190
-0.924313
-0.895918
-0.856986
-0.812427
-0.762533
-0.707632
-0.657404
-0.594211
-0.527119
-0.456565
-0.383014
-0.318613
-0.240801
-0.161408
-0.080956
-0.018353
0.074894
0.155403
0.234890
0.312834
0.377400
0.451152
0.521940
0.589299
0.652787
0.703341
0.758593
0.808862
0.853819
0.893168
0.921996
0.950320
0.972404
0.988101
0.996370
1.000014
0.997091
0.987620
0.971663
0.953143
0.925496
0.891771
0.852190
0.807013
0.764529
0.709808
0.650425
0.586773
0.529734
0.459300
0.385851
0.309869
0.231853
0.164437
0.084014
0.003040
-0.077952
-0.158432
-0.225940
-0.304085
-0.380232
-0.453881
-0.524549
-0.581851
-0.645799
-0.705505
-0.760577
-0.803435
-0.849008
-0.889005
-0.923162
-0.951257
-0.970236
-0.986660
-0.996605
-1.000005
-0.996837
-0.989042
-0.973813
-0.952189
-0.924312
-0.895917
-0.856984
-0.812425
-0.762531
-0.707629
-0.657401
-0.594208
-0.527115
-0.456561
-0.383010
-0.318610
-0.240797
-0.161404
-0.080952
-0.018346
0.074897
0.155407
0.234894
0.312838
0.377404
0.451156
0.521943
0.589302
0.652790
0.703343
0.758595
0.808864
0.853821
0.893169
0.921997
0.950322
0.972405
0.988101
0.996370
1.000014
0.997091
0.987619
0.971662
0.953142
0.925494
0.891769
0.852188
0.807011
0.764527
0.709805
0.650423
0.586769
0.529731
0.459297
0.385847
0.309865
0.231849
0.164433
0.084010
0.003036
-0.077956
-0.158435
-0.225944
-0.304089
-0.380236
-0.453885
-0.524552
-0.581854
-0.645802
-0.705508
-0.760579
-0.803438
-0.849010
-0.889006
-0.923164
-0.951258
-0.970237
-0.986661
-0.996605
-1.000005
-0.996837
-0.989041
-0.973812
-0.952187
-0.924310
-0.895915
-0.856983
-0.812423
-0.762528
-0.707627
-0.657398
-0.594205
-0.527112
-0.456558
-0.383007
-0.318606
-0.240793
-0.161400
-0.080948
-0.018338
0.074901
0.155410
0.234897
0.312841
0.377407
0.451159
0.521947
0.589305
0.652793
0.703346
0.758598
0.808866
0.853823
0.893171
0.921999
0.950323
0.972405
0.988102
0.996370
1.000014
0.997090
0.987619
0.971661
0.953140
0.925493
0.891767
0.852186
0.807009
0.764525
0.709802
0.650420
0.586766
0.529728
0.459293
0.385844
0.309861
0.231845
0.164430
0.084006
0.003032
-0.077960
-0.158439
-0.225947
-0.304092
-0.380239
-0.453888
-0.524555
-0.581857
-0.645805
-0.705510
-0.760581
-0.803440
-0.849012
-0.889008
-0.923165
-0.951259
-0.970238
-0.986662
-0.996606
-1.000005
-0.996836
-0.989041
-0.973811
-0.952186
-0.924309
-0.895913
-0.856981
-0.812420
-0.762526
-0.707624
-0.657395
-0.594202
-0.527109
-0.456555
-0.383003
-0.318603
-0.240790
-0.161396
-0.080945
-0.018331
0.074905
0.155414
0.234901
0.312845
0.377411
0.451162
0.521950
0.589308
0.652796
0.703349
0.758600
0.808869
0.853824
0.893173
0.922000
0.950324
0.972406
0.988102
0.996371
1.000014
0.997090
0.987618
0.971660
0.953139
0.925491
0.891766
0.852184
0.807007
0.764522
0.709800
0.650417
0.586763
0.529725
0.459290
0.385840
0.309858
0.231842
0.164426
0.084002
0.003029
-0.077963
-0.158442
-0.225951
-0.304096
-0.380243
-0.453891
-0.524558
-0.581860
-0.645808
-0.705513
-0.760584
-0.803442
-0.849014
-0.889010
-0.923167
-0.951260
-0.970239
-0.986662
-0.996606
-1.000005
-0.996836
-0.989040
-0.973810
-0.952185
-0.924307
-0.895912
-0.856979
-0.812418
-0.762523
-0.707621
-0.657392
-0.594199
-0.527106
-0.456551
-0.383000
-0.318599
-0.240786
-0.161393
-0.080941
-0.018323
0.074908
0.155418
0.234905
0.312848
0.377414
0.451166
0.521953
0.589311
0.652799
0.703351
0.758602
0.808871
0.853826
0.893174
0.922002
0.950325
0.972407
0.988103
0.996371
1.000014
0.997090
0.987617
0.971660
0.953138
0.925490
0.891764
0.852182
0.807005
0.764520
0.709797
0.650414
0.586760
0.529721
0.459287
0.385837
0.309854
0.231838
0.164422
0.083999
0.003025
-0.077967
-0.158446
-0.225954
-0.304100
-0.380246
-0.453895
-0.524561
-0.581863
-0.645811
-0.705515
-0.760586
-0.803444
-0.849016
-0.889011
-0.923168
-0.951261
-0.970240
-0.986663
-0.996606
-1.000005
-0.996836
-0.989040
-0.973809
-0.952184
-0.924306
-0.895910
-0.856977
-0.812416
-0.762521
-0.707619
-0.657389
-0.594196
-0.527103
-0.456548
-0.382996
-0.318596
-0.240783
-0.161389
-0.080937
-0.018316
0.074912
0.155421
0.234908
0.312852
0.377418
0.451169
0.521956
0.589314
0.652802
0.703354
0.758605
0.808873
0.853828
0.893176
0.922003
0.950326
0.972408
0.988104
0.996371
1.000014
0.997089
0.987617
0.971659
0.953137
0.925488
0.891762
0.852180
0.807002
0.764517
0.709794
0.650411
0.586757
0.529718
0.459283
0.385833
0.309851
0.231834
0.164418
0.083995
0.003021
-0.077971
-0.158450
-0.225958
-0.304103
-0.380250
-0.453898
-0.524564
-0.581866
-0.645813
-0.705518
-0.760589
-0.803446
-0.849018
-0.889013
-0.923169
-0.951262
-0.970241
-0.986663
-0.996607
-1.000005
-0.996835
-0.989039
-0.973808
-0.952183
