0.076536685228348
0.1530733704567
0.22961005568504
0.30614674091339
0.38268342614174
0.44756809473038
0.51245276331902
0.57733743190765
0.64222210049629
0.70710676908493
0.7504613161087
0.79381586313248
0.83717041015625
0.88052495718002
0.9238795042038
0.93910360336304
0.95432770252228
0.96955180168152
0.98477590084076
1.0
0.98477590084076
0.96955180168152
0.95432770252228
0.93910360336304
0.9238795042038
0.88052495718002
0.83717041015625
0.79381586313248
0.7504613161087
0.70710676908493
0.64222210049629
0.57733743190765
0.51245276331901
0.44756809473038
0.38268342614174
0.30614674091339
0.22961005568504
0.15307337045669
0.076536685228346
-1.2370999574455e-15
-0.076536685228349
-0.1530733704567
-0.22961005568504
-0.30614674091339
-0.38268342614174
-0.44756809473038
-0.51245276331902
-0.57733743190765
-0.64222210049629
-0.70710676908493
-0.7504613161087
-0.79381586313248
-0.83717041015625
-0.88052495718002
-0.92387950420379
-0.93910360336304
-0.95432770252228
-0.96955180168152
-0.98477590084076
-1.0
-0.98477590084076
-0.96955180168152
-0.95432770252228
-0.93910360336304
-0.9238795042038
-0.88052495718003
-0.83717041015625
-0.79381586313248
-0.75046131610871
-0.70710676908493
-0.6422221004963
-0.57733743190766
-0.51245276331902
-0.44756809473038
-0.38268342614175
-0.3061467409134
-0.22961005568505
-0.1530733704567
-0.076536685228357
-9.4924068605451e-15
0.076536685228338
0.15307337045669
0.22961005568503
0.30614674091338
0.38268342614173
0.44756809473037
0.51245276331901
0.57733743190765
0.64222210049628
0.70710676908492
0.7504613161087
0.79381586313247
0.83717041015624
0.88052495718002
0.92387950420379
0.93910360336304
0.95432770252228
0.96955180168152
0.98477590084076
1.0
0.98477590084076
0.96955180168152
0.95432770252228
0.93910360336304
0.9238795042038
0.88052495718003
0.83717041015625
0.79381586313248
0.75046131610871
0.70710676908494
0.6422221004963
0.57733743190766
0.51245276331902
0.44756809473038
0.38268342614175
0.3061467409134
0.22961005568505
0.1530733704567
0.076536685228356
7.9380946260699e-15
-0.07653668522834
-0.15307337045669
-0.22961005568504
-0.30614674091338
-0.38268342614173
-0.44756809473037
-0.51245276331901
-0.57733743190765
-0.64222210049628
-0.70710676908492
-0.7504613161087
-0.79381586313247
-0.83717041015624
-0.88052495718002
-0.92387950420379
-0.93910360336303
-0.95432770252228
-0.96955180168152
-0.98477590084076
-1.0
-0.98477590084076
-0.96955180168152
-0.95432770252228
-0.93910360336304
-0.9238795042038
-0.88052495718003
-0.83717041015626
-0.79381586313249
-0.75046131610871
-0.70710676908494
-0.64222210049631
-0.57733743190767
-0.51245276331903
-0.44756809473039
-0.38268342614175
-0.30614674091341
-0.22961005568506
-0.15307337045671
-0.076536685228366
-1.8374191057546e-14
0.07653668522833
0.15307337045668
0.22961005568503
0.30614674091337
0.38268342614172
0.44756809473036
0.512452763319
0.57733743190764
0.64222210049628
0.70710676908492
0.75046131610869
0.79381586313247
0.83717041015624
0.88052495718001
0.92387950420379
0.93910360336303
0.95432770252227
0.96955180168152
0.98477590084076
1.0
0.98477590084076
0.96955180168152
0.95432770252228
0.93910360336304
0.9238795042038
0.88052495718003
0.83717041015626
0.79381586313249
0.75046131610871
0.70710676908494
0.64222210049631
0.57733743190767
0.51245276331903
0.44756809473039
0.38268342614175
0.30614674091341
0.22961005568506
0.15307337045671
0.076536685228364
1.6098233857065e-14
-0.076536685228332
-0.15307337045668
-0.22961005568503
-0.30614674091337
-0.38268342614172
-0.44756809473036
-0.512452763319
-0.57733743190764
-0.64222210049628
-0.70710676908491
-0.75046131610869
-0.79381586313247
-0.83717041015624
-0.88052495718001
-0.92387950420379
-0.93910360336303
-0.95432770252227
-0.96955180168151
-0.98477590084076
-1.0
-0.98477590084076
-0.96955180168152
-0.95432770252228
-0.93910360336304
-0.9238795042038
-0.88052495718004
-0.83717041015626
-0.79381586313249
-0.75046131610872
-0.70710676908494
-0.64222210049631
-0.57733743190767
-0.51245276331904
-0.4475680947304
-0.38268342614176
-0.30614674091342
-0.22961005568507
-0.15307337045672
-0.076536685228374
-2.6534330288541e-14
0.076536685228322
0.15307337045667
0.22961005568502
0.30614674091337
0.38268342614171
0.44756809473036
0.51245276331899
0.57733743190763
0.64222210049627
0.70710676908491
0.75046131610869
0.79381586313246
0.83717041015624
0.88052495718001
0.92387950420378
0.93910360336303
0.95432770252227
0.96955180168151
0.98477590084075
0.99999999999999
0.98477590084076
0.96955180168152
0.95432770252228
0.93910360336304
0.9238795042038
0.88052495718004
0.83717041015626
0.79381586313249
0.75046131610872
0.70710676908494
0.64222210049631
0.57733743190767
0.51245276331904
0.4475680947304
0.38268342614176
0.30614674091342
0.22961005568507
0.15307337045672
0.076536685228372
2.425837308806e-14
-0.076536685228324
-0.15307337045667
-0.22961005568502
-0.30614674091337
-0.38268342614171
-0.44756809473036
-0.51245276331899
-0.57733743190763
-0.64222210049627
-0.70710676908491
-0.75046131610869
-0.79381586313246
-0.83717041015623
-0.88052495718001
-0.92387950420378
-0.93910360336303
-0.95432770252227
-0.96955180168151
-0.98477590084075
-0.99999999999999
-0.98477590084077
-0.96955180168152
-0.95432770252228
-0.93910360336304
-0.9238795042038
-0.88052495718004
-0.83717041015627
-0.79381586313249
-0.75046131610872
-0.70710676908495
-0.64222210049632
-0.57733743190768
-0.51245276331904
-0.44756809473041
-0.38268342614177
-0.30614674091342
-0.22961005568508
-0.15307337045673
-0.076536685228382
-3.4694469519536e-14
0.076536685228314
0.15307337045666
0.22961005568501
0.30614674091336
0.3826834261417
0.44756809473035
0.51245276331899
0.57733743190762
0.64222210049626
0.7071067690849
0.75046131610868
0.79381586313246
0.83717041015623
0.88052495718
0.92387950420378
0.93910360336303
0.95432770252227
0.96955180168151
0.98477590084075
0.99999999999999
0.98477590084077
0.96955180168153
0.95432770252228
0.93910360336304
0.9238795042038
0.88052495718004
0.83717041015627
0.7938158631325
0.75046131610872
0.70710676908495
0.64222210049632
0.57733743190768
0.51245276331904
0.4475680947304
0.38268342614177
0.30614674091342
0.22961005568508
0.15307337045673
0.07653668522838
3.2418512319055e-14
-0.076536685228315
-0.15307337045666
-0.22961005568501
-0.30614674091336
-0.38268342614171
-0.44756809473035
-0.51245276331899
-0.57733743190762
-0.64222210049626
-0.7071067690849
-0.75046131610868
-0.79381586313246
-0.83717041015623
-0.88052495718
-0.92387950420378
-0.93910360336303
-0.95432770252227
-0.96955180168151
-0.98477590084075
-0.99999999999999
-0.98477590084077
-0.96955180168153
-0.95432770252229
-0.93910360336304
-0.9238795042038
-0.88052495718005
-0.83717041015627
-0.7938158631325
-0.75046131610873
-0.70710676908495
-0.64222210049633
-0.57733743190769
-0.51245276331905
-0.44756809473041
-0.38268342614177
-0.30614674091343
-0.22961005568509
-0.15307337045674
-0.07653668522839
-4.27990975993e-14
0.076536685228305
0.15307337045665
0.229610055685
0.30614674091335
0.3826834261417
0.44756809473034
0.51245276331898
0.57733743190762
0.64222210049626
0.70710676908489
0.75046131610868
0.79381586313245
0.83717041015623
0.88052495718
0.92387950420377
0.93910360336303
0.95432770252227
0.96955180168151
0.98477590084075
0.99999999999999
0.98477590084077
0.96955180168153
0.95432770252229
0.93910360336305
0.9238795042038
0.88052495718005
0.83717041015627
0.7938158631325
0.75046131610873
0.70710676908495
0.64222210049633
0.57733743190769
0.51245276331905
0.44756809473041
0.38268342614177
0.30614674091343
0.22961005568508
0.15307337045674
0.076536685228388
4.0578651550049e-14
-0.076536685228307
-0.15307337045665
-0.229610055685
-0.30614674091335
-0.3826834261417
-0.44756809473034
-0.51245276331898
-0.57733743190762
-0.64222210049626
-0.70710676908489
-0.75046131610868
-0.79381586313245
-0.83717041015623
-0.88052495718
-0.92387950420377
-0.93910360336303
-0.95432770252227
-0.96955180168151
-0.98477590084075
-0.99999999999999
-0.98477590084077
-0.96955180168153
-0.95432770252229
-0.93910360336305
-0.92387950420381
-0.88052495718005
-0.83717041015628
-0.7938158631325
-0.75046131610873
-0.70710676908496
-0.64222210049633
-0.5773374319077
-0.51245276331906
-0.44756809473042
-0.38268342614178
-0.30614674091344
-0.22961005568509
-0.15307337045675
-0.076536685228399
-5.0959236830295e-14
0.076536685228297
0.15307337045664
0.22961005568499
0.30614674091334
0.38268342614169
0.44756809473033
0.51245276331897
0.57733743190761
0.64222210049625
0.70710676908489
0.75046131610867
0.79381586313245
0.83717041015622
0.88052495717999
0.92387950420377
0.93910360336303
0.95432770252227
0.96955180168151
0.98477590084075
0.99999999999999
0.98477590084077
0.96955180168153
0.95432770252229
0.93910360336305
0.92387950420381
0.88052495718005
0.83717041015628
0.7938158631325
0.75046131610873
0.70710676908496
0.64222210049633
0.5773374319077
0.51245276331906
0.44756809473042
0.38268342614178
0.30614674091344
0.22961005568509
0.15307337045674
0.076536685228397
4.8738790781044e-14
-0.076536685228299
-0.15307337045665
-0.22961005568499
-0.30614674091334
-0.38268342614169
-0.44756809473033
-0.51245276331897
-0.57733743190761
-0.64222210049625
-0.70710676908489
-0.75046131610867
-0.79381586313245
-0.83717041015622
-0.88052495717999
-0.92387950420377
-0.93910360336303
-0.95432770252227
-0.96955180168151
-0.98477590084075
-0.99999999999999
-0.98477590084077
-0.96955180168153
-0.95432770252229
-0.93910360336305
-0.92387950420381
-0.88052495718005
-0.83717041015628
-0.79381586313251
-0.75046131610874
-0.70710676908496
-0.64222210049634
-0.5773374319077
-0.51245276331906
-0.44756809473043
-0.38268342614179
-0.30614674091345
-0.2296100556851
-0.15307337045675
-0.076536685228407
-5.911937606129e-14
0.076536685228289
0.15307337045664
0.22961005568498
0.30614674091333
0.38268342614168
0.44756809473033
0.51245276331897
0.5773374319076
0.64222210049624
0.70710676908488
0.75046131610867
0.79381586313244
0.83717041015622
0.88052495717999
0.92387950420376
0.93910360336303
0.95432770252227
0.96955180168151
0.98477590084075
0.99999999999999
0.98477590084077
0.96955180168153
0.95432770252229
0.93910360336305
0.92387950420381
0.88052495718006
0.83717041015628
0.79381586313251
0.75046131610874
0.70710676908496
0.64222210049634
0.5773374319077
0.51245276331906
0.44756809473043
0.38268342614179
0.30614674091345
0.2296100556851
0.15307337045675
0.076536685228405
5.6898930012039e-14
-0.076536685228291
-0.15307337045664
-0.22961005568499
-0.30614674091333
-0.38268342614168
-0.44756809473033
-0.51245276331897
-0.5773374319076
-0.64222210049624
-0.70710676908488
-0.75046131610867
-0.79381586313244
-0.83717041015622
-0.88052495717999
-0.92387950420376
-0.93910360336303
-0.95432770252227
-0.96955180168151
-0.98477590084075
-0.99999999999999
-0.98477590084077
-0.96955180168153
-0.95432770252229
-0.93910360336305
-0.92387950420381
-0.88052495718006
-0.83717041015629
-0.79381586313251
-0.75046131610874
-0.70710676908497
-0.64222210049635
-0.57733743190771
-0.51245276331907
-0.44756809473043
-0.38268342614179
-0.30614674091346
-0.22961005568511
-0.15307337045676
-0.076536685228415
-6.7279515292284e-14
0.076536685228281
0.15307337045663
0.22961005568498
0.30614674091332
0.38268342614167
0.44756809473032
0.51245276331896
0.5773374319076
0.64222210049624
0.70710676908487
0.75046131610867
0.79381586313244
0.83717041015621
0.88052495717999
0.92387950420376
0.93910360336302
0.95432770252226
0.96955180168151
0.98477590084075
0.99999999999999
0.98477590084077
0.96955180168153
0.95432770252229
0.93910360336305
0.92387950420381
0.88052495718006
0.83717041015629
0.79381586313251
0.75046131610874
0.70710676908497
0.64222210049635
0.57733743190771
0.51245276331907
0.44756809473043
0.38268342614179
0.30614674091346
0.22961005568511
0.15307337045676
0.076536685228413
6.5003558091803e-14
-0.076536685228283
-0.15307337045663
-0.22961005568498
-0.30614674091333
-0.38268342614167
-0.44756809473032
-0.51245276331896
-0.5773374319076
-0.64222210049624
-0.70710676908487
-0.75046131610867
-0.79381586313244
-0.83717041015621
-0.88052495717998
-0.92387950420376
-0.93910360336302
-0.95432770252226
-0.9695518016815
-0.98477590084075
-0.99999999999999
-0.98477590084077
-0.96955180168153
-0.95432770252229
-0.93910360336305
-0.92387950420381
-0.88052495718006
-0.83717041015629
-0.79381586313252
-0.75046131610874
-0.70710676908497
-0.64222210049635
-0.57733743190772
-0.51245276331908
-0.44756809473044
-0.3826834261418
-0.30614674091347
-0.22961005568512
-0.15307337045677
-0.076536685228423
-7.5439654523279e-14
0.076536685228273
0.15307337045662
0.22961005568497
0.30614674091332
0.38268342614166
0.44756809473031
0.51245276331895
0.57733743190759
0.64222210049623
0.70710676908487
0.75046131610866
0.79381586313243
0.83717041015621
0.88052495717998
0.92387950420375
0.93910360336302
0.95432770252226
0.9695518016815
0.98477590084074
0.99999999999999
0.98477590084077
0.96955180168153
0.95432770252229
0.93910360336305
0.92387950420381
0.88052495718007
0.83717041015629
0.79381586313252
0.75046131610875
0.70710676908497
0.64222210049635
0.57733743190772
0.51245276331908
0.44756809473044
0.3826834261418
0.30614674091346
0.22961005568512
0.15307337045677
0.076536685228421
7.3163697322798e-14
-0.076536685228275
-0.15307337045662
-0.22961005568497
-0.30614674091332
-0.38268342614166
-0.44756809473031
-0.51245276331895
-0.57733743190759
-0.64222210049623
-0.70710676908487
-0.75046131610866
-0.79381586313243
-0.83717041015621
-0.88052495717998
-0.92387950420375
-0.93910360336302
-0.95432770252226
-0.9695518016815
-0.98477590084074
-0.99999999999998
-0.98477590084077
-0.96955180168153
-0.95432770252229
-0.93910360336305
-0.92387950420381
-0.88052495718007
-0.8371704101563
-0.79381586313252
-0.75046131610875
-0.70710676908498
-0.64222210049636
-0.57733743190772
-0.51245276331908
-0.44756809473045
-0.38268342614181
-0.30614674091347
-0.22961005568513
-0.15307337045678
-0.076536685228431
-8.3599793754274e-14
0.076536685228265
0.15307337045661
0.22961005568496
0.30614674091331
0.38268342614166
0.44756809473031
0.51245276331894
0.57733743190758
0.64222210049622
0.70710676908486
0.75046131610866
0.79381586313243
0.8371704101562
0.88052495717998
0.92387950420375
0.93910360336302
0.95432770252226
0.9695518016815
0.98477590084074
0.99999999999998
0.98477590084078
0.96955180168153
0.95432770252229
0.93910360336305
0.92387950420381
0.88052495718007
0.8371704101563
0.79381586313252
0.75046131610875
0.70710676908498
0.64222210049636
0.57733743190772
0.51245276331908
0.44756809473045
0.38268342614181
0.30614674091347
0.22961005568512
0.15307337045678
0.076536685228429
8.1323836553793e-14
-0.076536685228267
-0.15307337045661
-0.22961005568496
-0.30614674091331
-0.38268342614166
-0.44756809473031
-0.51245276331895
-0.57733743190758
-0.64222210049622
-0.70710676908486
-0.75046131610866
-0.79381586313243
-0.8371704101562
-0.88052495717998
-0.92387950420375
-0.93910360336302
-0.95432770252226
-0.9695518016815
-0.98477590084074
-0.99999999999998
-0.98477590084078
-0.96955180168154
-0.9543277025223
-0.93910360336305
-0.92387950420381
-0.88052495718007
-0.8371704101563
-0.79381586313253
-0.75046131610875
-0.70710676908498
-0.64222210049637
-0.57733743190773
-0.51245276331909
-0.44756809473045
-0.38268342614182
-0.30614674091348
-0.22961005568513
-0.15307337045679
-0.076536685228439
-9.1759932985269e-14
0.076536685228256
0.1530733704566
0.22961005568495
0.3061467409133
0.38268342614165
0.4475680947303
0.51245276331894
0.57733743190758
0.64222210049621
0.70710676908485
0.75046131610865
0.79381586313243
0.8371704101562
0.88052495717997
0.92387950420374
0.93910360336302
0.95432770252226
0.9695518016815
0.98477590084074
0.99999999999998
0.98477590084078
0.96955180168154
0.9543277025223
0.93910360336306
0.92387950420381
0.88052495718007
0.8371704101563
0.79381586313253
0.75046131610875
0.70710676908498
0.64222210049637
0.57733743190773
0.51245276331909
0.44756809473045
0.38268342614181
0.30614674091348
0.22961005568513
0.15307337045679
0.076536685228437
8.9483975784788e-14
-0.076536685228258
-0.15307337045661
-0.22961005568495
-0.3061467409133
-0.38268342614165
-0.4475680947303
-0.51245276331894
-0.57733743190758
-0.64222210049621
-0.70710676908485
-0.75046131610865
-0.79381586313242
-0.8371704101562
-0.88052495717997
-0.92387950420374
-0.93910360336302
-0.95432770252226
-0.9695518016815
-0.98477590084074
-0.99999999999998
-0.98477590084078
-0.96955180168154
-0.9543277025223
-0.93910360336306
-0.92387950420382
-0.88052495718008
-0.8371704101563
-0.79381586313253
-0.75046131610876
-0.70710676908499
-0.64222210049637
-0.57733743190774
-0.5124527633191
-0.44756809473046
-0.38268342614182
-0.30614674091349
-0.22961005568514
-0.15307337045679
-0.076536685228447
-9.9920072216264e-14
0.076536685228248
0.1530733704566
0.22961005568494
0.30614674091329
0.38268342614164
0.44756809473029
0.51245276331893
0.57733743190757
0.64222210049621
0.70710676908485
0.75046131610865
0.79381586313242
0.83717041015619
0.88052495717997
0.92387950420374
0.93910360336302
0.95432770252226
0.9695518016815
0.98477590084074
0.99999999999998
0.98477590084078
0.96955180168154
0.9543277025223
0.93910360336306
0.92387950420382
0.88052495718008
0.83717041015631
0.79381586313253
0.75046131610876
0.70710676908499
0.64222210049638
0.57733743190774
0.5124527633191
0.44756809473046
0.38268342614182
0.30614674091349
0.22961005568514
0.15307337045679
0.076536685228445
9.7644115015783e-14
-0.07653668522825
-0.1530733704566
-0.22961005568495
-0.30614674091329
-0.38268342614164
-0.44756809473029
-0.51245276331893
-0.57733743190757
-0.64222210049621
-0.70710676908485
-0.75046131610865
-0.79381586313242
-0.83717041015619
-0.88052495717997
-0.92387950420374
-0.93910360336302
-0.95432770252226
-0.9695518016815
-0.98477590084074
-0.99999999999998
-0.98477590084078
-0.96955180168154
-0.9543277025223
-0.93910360336306
