0.084498	
0.162340	
0.239183	
0.314555	
0.387991	
0.459039	
0.527262	
0.592242	
0.653578	
0.710892	
0.763829	
0.812068	
0.855311	
0.893293	
0.925773	
0.952558	
0.973482	
0.988418	
0.997273	
0.999986	
0.996547	
0.986979	
0.971338	
0.949719	
0.922253	
0.889114	
0.850506	
0.806666	
0.757858	
0.704387	
0.646583	
0.584802	
0.519422	
0.450843	
0.379491	
0.305805	
0.230238	
0.153253	
0.075324	
-0.003067	
-0.081439	
-0.159311	
-0.236202	
-0.311639	
-0.385159	
-0.456310	
-0.524653	
-0.589766	
-0.651250	
-0.708728	
-0.761845	
-0.810276	
-0.853716	
-0.891905	
-0.924607	
-0.951621	
-0.972778	
-0.987946	
-0.997038	
-0.999995	
-0.996801	
-0.987469	
-0.972061	
-0.950673	
-0.923437	
-0.890520	
-0.852118	
-0.808473	
-0.759857	
-0.706565	
-0.648925	
-0.587289	
-0.522041	
-0.453582	
-0.382332	
-0.308728	
-0.233225	
-0.156286	
-0.078386	
0.006128	
0.084494	
0.162336	
0.239179	
0.314551	
0.387987	
0.459035	
0.527258	
0.592238	
0.653575	
0.710889	
0.763826	
0.812065	
0.855309	
0.893291	
0.925772	
0.952556	
0.973481	
0.988418	
0.997272	
0.999986	
0.996548	
0.986979	
0.971339	
0.949720	
0.922255	
0.889116	
0.850508	
0.806668	
0.757861	
0.704390	
0.646586	
0.584805	
0.519426	
0.450847	
0.379495	
0.305809	
0.230242	
0.153257	
0.075329	
-0.003063	
-0.081435	
-0.159307	
-0.236198	
-0.311635	
-0.385155	
-0.456306	
-0.524650	
-0.589763	
-0.651247	
-0.708725	
-0.761843	
-0.810273	
-0.853714	
-0.891903	
-0.924606	
-0.951620	
-0.972777	
-0.987946	
-0.997037	
-0.999995	
-0.996802	
-0.987470	
-0.972062	
-0.950674	
-0.923439	
-0.890521	
-0.852120	
-0.808476	
-0.759859	
-0.706568	
-0.648928	
-0.587292	
-0.522045	
-0.453585	
-0.382336	
-0.308732	
-0.233229	
-0.156290	
-0.078391	
0.006119	
0.084490	
0.162332	
0.239175	
0.314547	
0.387984	
0.459032	
0.527255	
0.592235	
0.653572	
0.710886	
0.763824	
0.812063	
0.855307	
0.893289	
0.925770	
0.952555	
0.973480	
0.988417	
0.997272	
0.999986	
0.996548	
0.986980	
0.971340	
0.949721	
0.922256	
0.889118	
0.850510	
0.806670	
0.757863	
0.704393	
0.646589	
0.584808	
0.519429	
0.450850	
0.379499	
0.305813	
0.230245	
0.153261	
0.075332	
-0.003059	
-0.081431	
-0.159303	
-0.236195	
-0.311632	
-0.385152	
-0.456303	
-0.524647	
-0.589760	
-0.651244	
-0.708722	
-0.761840	
-0.810271	
-0.853712	
-0.891901	
-0.924604	
-0.951619	
-0.972776	
-0.987945	
-0.997037	
-0.999995	
-0.996802	
-0.987470	
-0.972063	
-0.950676	
-0.923440	
-0.890523	
-0.852122	
-0.808478	
-0.759862	
-0.706571	
-0.648931	
-0.587295	
-0.522048	
-0.453589	
-0.382339	
-0.308735	
-0.233232	
-0.156294	
-0.078394	
0.006112	
0.084486	
0.162328	
0.239172	
0.314544	
0.387980	
0.459028	
0.527252	
0.592232	
0.653570	
0.710883	
0.763822	
0.812061	
0.855305	
0.893288	
0.925769	
0.952554	
0.973480	
0.988417	
0.997272	
0.999986	
0.996548	
0.986980	
0.971341	
0.949722	
0.922258	
0.889120	
0.850512	
0.806673	
0.757866	
0.704395	
0.646592	
0.584811	
0.519432	
0.450854	
0.379502	
0.305816	
0.230249	
0.153264	
0.075336	
-0.003055	
-0.081428	
-0.159299	
-0.236191	
-0.311628	
-0.385148	
-0.456299	
-0.524643	
-0.589757	
-0.651241	
-0.708719	
-0.761838	
-0.810269	
-0.853710	
-0.891900	
-0.924603	
-0.951618	
-0.972775	
-0.987945	
-0.997037	
-0.999995	
-0.996802	
-0.987471	
-0.972064	
-0.950677	
-0.923442	
-0.890525	
-0.852124	
-0.808480	
-0.759864	
-0.706573	
-0.648933	
-0.587299	
-0.522051	
-0.453592	
-0.382343	
-0.308739	
-0.233236	
-0.156297	
-0.078398	
0.006104	
0.084483	
0.162325	
0.239168	
0.314540	
0.387977	
0.459025	
0.527249	
0.592229	
0.653567	
0.710881	
0.763819	
0.812059	
0.855303	
0.893286	
0.925767	
0.952553	
0.973479	
0.988416	
0.997272	
0.999986	
0.996549	
0.986981	
0.971342	
0.949724	
0.922259	
0.889122	
0.850514	
0.806675	
0.757868	
0.704398	
0.646595	
0.584814	
0.519435	
0.450857	
0.379506	
0.305820	
0.230252	
0.153268	
0.075340	
-0.003051	
-0.081424	
-0.159296	
-0.236187	
-0.311625	
-0.385145	
-0.456296	
-0.524640	
-0.589754	
-0.651238	
-0.708717	
-0.761835	
-0.810266	
-0.853708	
-0.891898	
-0.924601	
-0.951617	
-0.972774	
-0.987944	
-0.997036	
-0.999995	
-0.996803	
-0.987472	
-0.972065	
-0.950678	
-0.923443	
-0.890526	
-0.852126	
-0.808483	
-0.759867	
-0.706576	
-0.648936	
-0.587302	
-0.522054	
-0.453595	
-0.382346	
-0.308743	
-0.233239	
-0.156301	
-0.078402	
0.006097	
0.084479	
0.162321	
0.239164	
0.314537	
0.387973	
0.459022	
0.527246	
0.592226	
0.653564	
0.710878	
0.763817	
0.812057	
0.855301	
0.893284	
0.925766	
0.952552	
0.973478	
0.988416	
0.997271	
0.999986	
0.996549	
0.986982	
0.971343	
0.949725	
0.922261	
0.889123	
0.850516	
0.806677	
0.757870	
0.704401	
0.646598	
0.584817	
0.519438	
0.450860	
0.379509	
0.305823	
0.230256	
0.153272	
0.075344	
-0.003048	
-0.081420	
-0.159292	
-0.236184	
-0.311621	
-0.385141	
-0.456293	
-0.524637	
-0.589751	
-0.651236	
-0.708714	
-0.761833	
-0.810264	
-0.853706	
-0.891896	
-0.924600	
-0.951616	
-0.972773	
-0.987943	
-0.997036	
-0.999995	
-0.996803	
-0.987472	
-0.972065	
-0.950679	
-0.923444	
-0.890528	
-0.852127	
-0.808485	
-0.759869	
-0.706578	
-0.648939	
-0.587305	
-0.522057	
-0.453599	
-0.382350	
-0.308746	
-0.233243	
-0.156305	
-0.078405	
0.006089	
0.084475	
0.162317	
0.239161	
0.314533	
0.387970	
0.459018	
0.527242	
0.592223	
0.653561	
0.710875	
0.763814	
0.812055	
0.855299	
0.893283	
0.925765	
0.952551	
0.973477	
0.988415	
0.997271	
0.999986	
0.996549	
0.986982	
0.971344	
0.949726	
0.922262	
0.889125	
0.850518	
0.806679	
0.757873	
0.704403	
0.646601	
0.584820	
0.519442	
0.450864	
0.379513	
0.305827	
0.230260	
0.153275	
0.075347	
-0.003044	
-0.081417	
-0.159288	
-0.236180	
-0.311618	
-0.385138	
-0.456289	
-0.524634	
-0.589748	
-0.651233	
-0.708712	
-0.761831	
-0.810262	
-0.853704	
-0.891895	
-0.924598	
-0.951614	
-0.972773	
-0.987943	
-0.997036	
-0.999995	
-0.996803	
-0.987473	
-0.972066	
-0.950680	
-0.923446	
-0.890530	
-0.852129	
-0.808487	
-0.759871	
-0.706581	
-0.648942	
-0.587308	
-0.522061	
-0.453602	
-0.382353	
-0.308750	
-0.233247	
-0.156308	
-0.078409	
0.006082	
0.084471	
0.162313	
0.239157	
0.314530	
0.387967	
0.459015	
0.527239	
0.592220	
0.653558	
0.710873	
0.763812	
0.812052	
0.855297	
0.893281	
0.925763	
0.952550	
0.973476	
0.988414	
0.997271	
0.999986	
0.996550	
0.986983	
0.971345	
0.949727	
0.922264	
0.889127	
0.850520	
0.806682	
0.757875	
0.704406	
0.646603	
0.584823	
0.519445	
0.450867	
0.379516	
0.305830	
0.230263	
0.153279	
0.075351	
-0.003040	
-0.081413	
-0.159285	
-0.236176	
-0.311614	
-0.385134	
-0.456286	
-0.524631	
-0.589745	
-0.651230	
-0.708709	
-0.761828	
-0.810260	
-0.853702	
-0.891893	
-0.924597	
-0.951613	
-0.972772	
-0.987942	
-0.997036	
-0.999995	
-0.996804	
-0.987473	
-0.972067	
-0.950681	
-0.923447	
-0.890532	
-0.852131	
-0.808489	
-0.759874	
-0.706584	
-0.648945	
-0.587311	
-0.522064	
-0.453605	
-0.382357	
-0.308753	
-0.233250	
-0.156312	
-0.078413	
0.006074	
0.084468	
0.162310	
0.239153	
0.314526	
0.387963	
0.459012	
0.527236	
0.592217	
0.653555	
0.710870	
0.763810	
0.812050	
0.855295	
0.893279	
0.925762	
0.952548	
0.973475	
0.988414	
0.997271	
0.999986	
0.996550	
0.986983	
0.971346	
0.949728	
0.922265	
0.889128	
0.850522	
0.806684	
0.757878	
0.704409	
0.646606	
0.584826	
0.519448	
0.450870	
0.379519	
0.305834	
0.230267	
0.153283	
0.075355	
-0.003036	
-0.081409	
-0.159281	
-0.236173	
-0.311610	
-0.385131	
-0.456283	
-0.524628	
-0.589742	
-0.651227	
-0.708706	
-0.761826	
-0.810258	
-0.853700	
-0.891891	
-0.924596	
-0.951612	
-0.972771	
-0.987942	
-0.997035	
-0.999995	
-0.996804	
-0.987474	
-0.972068	
-0.950683	
-0.923449	
-0.890533	
-0.852133	
-0.808491	
-0.759876	
-0.706586	
-0.648948	
-0.587314	
-0.522067	
-0.453609	
-0.382360	
-0.308757	
-0.233254	
-0.156316	
-0.078417	
0.006067	
0.084464	
0.162306	
0.239150	
0.314522	
0.387960	
0.459008	
0.527233	
0.592214	
0.653553	
0.710868	
0.763807	
0.812048	
0.855293	
0.893278	
0.925760	
0.952547	
0.973475	
0.988413	
0.997270	
0.999986	
0.996550	
0.986984	
0.971346	
0.949729	
0.922266	
0.889130	
0.850524	
0.806686	
0.757880	
0.704411	
0.646609	
0.584829	
0.519451	
0.450874	
0.379523	
0.305838	
0.230271	
0.153286	
0.075358	
-0.003033	
-0.081405	
-0.159277	
-0.236169	
-0.311607	
-0.385128	
-0.456279	
-0.524624	
-0.589739	
-0.651224	
-0.708704	
-0.761823	
-0.810255	
-0.853698	
-0.891890	
-0.924594	
-0.951611	
-0.972770	
-0.987941	
-0.997035	
-0.999995	
-0.996804	
-0.987475	
-0.972069	
-0.950684	
-0.923450	
-0.890535	
-0.852135	
-0.808494	
-0.759879	
-0.706589	
-0.648951	
-0.587317	
-0.522070	
-0.453612	
-0.382364	
-0.308760	
-0.233258	
-0.156319	
-0.078420	
0.006059	
0.084460	
0.162302	
0.239146	
0.314519	
0.387956	
0.459005	
0.527230	
0.592211	
0.653550	
0.710865	
0.763805	
0.812046	
0.855292	
0.893276	
0.925759	
0.952546	
0.973474	
0.988413	
0.997270	
0.999986	
0.996551	
0.986985	
0.971347	
0.949731	
0.922268	
0.889132	
0.850526	
0.806688	
0.757883	
0.704414	
0.646612	
0.584832	
0.519454	
0.450877	
0.379526	
0.305841	
0.230274	
0.153290	
0.075362	
-0.003029	
-0.081402	
-0.159274	
-0.236165	
-0.311603	
-0.385124	
-0.456276	
-0.524621	
-0.589736	
-0.651221	
-0.708701	
-0.761821	
-0.810254	
-0.853697	
-0.891888	
-0.924593	
-0.951610	
-0.972769	
-0.987941	
-0.997035	
-0.999995	
-0.996805	
-0.987475	
-0.972070	
-0.950685	
-0.923452	
-0.890537	
-0.852137	
-0.808496	
-0.759881	
-0.706592	
-0.648953	
-0.587319	
-0.522073	
-0.453615	
-0.382367	
-0.308764	
-0.233261	
-0.156323	
-0.078424	
0.006052	
0.084456	
0.162299	
0.239142	
0.314515	
0.387953	
0.459002	
0.527227	
0.592208	
0.653547	
0.710862	
0.763802	
0.812044	
0.855290	
0.893274	
0.925757	
0.952545	
0.973473	
0.988412	
0.997270	
0.999986	
0.996551	
0.986985	
0.971348	
0.949732	
0.922269	
0.889133	
0.850528	
0.806690	
0.757885	
0.704417	
0.646615	
0.584835	
0.519458	
0.450880	
0.379530	
0.305845	
0.230278	
0.153294	
0.075366	
-0.003025	
-0.081398	
-0.159270	
-0.236162	
-0.311600	
-0.385121	
-0.456273	
-0.524618	
-0.589733	
-0.651218	
-0.708698	
-0.761818	
-0.810251	
-0.853695	
-0.891886	
-0.924591	
-0.951609	
-0.972768	
-0.987940	
-0.997034	
-0.999995	
-0.996805	
-0.987476	
-0.972071	
-0.950686	
-0.923453	
-0.890538	
-0.852139	
-0.808498	
-0.759884	
-0.706594	
-0.648956	
-0.587322	
-0.522077	
-0.453619	
-0.382371	
-0.308767	
-0.233265	
-0.156327	
-0.078428	
0.006045	
0.084453	
0.162295	
0.239139	
0.314512	
0.387949	
0.458998	
0.527223	
0.592205	
0.653544	
0.710860	
0.763800	
0.812041	
0.855288	
0.893273	
0.925756	
0.952544	
0.973472	
0.988412	
0.997269	
0.999986	
0.996551	
0.986986	
0.971349	
0.949733	
0.922271	
0.889135	
0.850530	
0.806693	
0.757888	
0.704419	
0.646618	
0.584838	
0.519461	
0.450884	
0.379533	
0.305848	
0.230282	
0.153298	
0.075370	
-0.003021	
-0.081394	
-0.159267	
-0.236158	
-0.311596	
-0.385117	
-0.456269	
-0.524615	
-0.589730	
-0.651216	
-0.708696	
-0.761816	
-0.810249	
-0.853693	
-0.891885	
-0.924590	
-0.951608	
-0.972767	
-0.987939	
-0.997034	
-0.999995	
-0.996805	
-0.987476	
-0.972072	
-0.950687	
