0.077468846559525
0.15586985445023
0.23380478167534
0.3098753862381
0.38268342614174
0.45301914978027
0.52181471848488
0.58788475966454
0.65004390072823
0.70710676908491
0.75960139083862
0.80831801438332
0.85246460056305
0.89124911022186
0.9238795042038
0.95054120254517
0.97176223134995
0.98726446056366
0.99676976013184
1.0
0.99676976013184
0.98726446056366
0.97176223134994
0.95054120254517
0.9238795042038
0.89124911022186
0.85246460056305
0.80831801438332
0.75960139083862
0.70710676908493
0.65004390072822
0.58788475966453
0.52181471848488
0.45301914978027
0.38268342614174
0.3098753862381
0.23380478167534
0.15586985445022
0.077468846559523
-1.2370999574455e-15
-0.077468846559526
-0.15586985445023
-0.23380478167534
-0.3098753862381
-0.38268342614174
-0.45301914978027
-0.52181471848488
-0.58788475966453
-0.65004390072822
-0.70710676908493
-0.75960139083862
-0.80831801438331
-0.85246460056305
-0.89124911022186
-0.9238795042038
-0.95054120254517
-0.97176223134994
-0.98726446056366
-0.99676976013184
-1.0
-0.99676976013184
-0.98726446056366
-0.97176223134995
-0.95054120254517
-0.9238795042038
-0.89124911022187
-0.85246460056305
-0.80831801438332
-0.75960139083863
-0.70710676908494
-0.65004390072823
-0.58788475966454
-0.52181471848489
-0.45301914978028
-0.38268342614175
-0.30987538623811
-0.23380478167535
-0.15586985445024
-0.077468846559534
-9.4924068605451e-15
0.077468846559515
0.15586985445022
0.23380478167533
0.30987538623809
0.38268342614173
0.45301914978026
0.52181471848487
0.58788475966453
0.65004390072822
0.70710676908492
0.75960139083862
0.80831801438331
0.85246460056304
0.89124911022186
0.92387950420379
0.95054120254516
0.97176223134994
0.98726446056366
0.99676976013184
1.0
0.99676976013184
0.98726446056366
0.97176223134995
0.95054120254517
0.9238795042038
0.89124911022187
0.85246460056305
0.80831801438332
0.75960139083863
0.70710676908494
0.65004390072823
0.58788475966454
0.52181471848489
0.45301914978028
0.38268342614175
0.30987538623811
0.23380478167535
0.15586985445023
0.077468846559533
7.9380946260699e-15
-0.077468846559517
-0.15586985445022
-0.23380478167533
-0.30987538623809
-0.38268342614173
-0.45301914978027
-0.52181471848487
-0.58788475966453
-0.65004390072822
-0.70710676908492
-0.75960139083862
-0.80831801438331
-0.85246460056304
-0.89124911022186
-0.92387950420379
-0.95054120254516
-0.97176223134994
-0.98726446056366
-0.99676976013183
-1.0
-0.99676976013184
-0.98726446056366
-0.97176223134995
-0.95054120254517
-0.9238795042038
-0.89124911022187
-0.85246460056306
-0.80831801438333
-0.75960139083863
-0.70710676908494
-0.65004390072824
-0.58788475966455
-0.52181471848489
-0.45301914978029
-0.38268342614175
-0.30987538623812
-0.23380478167536
-0.15586985445024
-0.077468846559543
-1.8318679906315e-14
0.077468846559506
0.15586985445021
0.23380478167532
0.30987538623808
0.38268342614172
0.45301914978026
0.52181471848486
0.58788475966452
0.65004390072821
0.70710676908492
0.75960139083861
0.80831801438331
0.85246460056304
0.89124911022185
0.92387950420379
0.95054120254516
0.97176223134994
0.98726446056366
0.99676976013183
1.0
0.99676976013184
0.98726446056366
0.97176223134995
0.95054120254517
0.9238795042038
0.89124911022187
0.85246460056306
0.80831801438333
0.75960139083863
0.70710676908494
0.65004390072824
0.58788475966455
0.52181471848489
0.45301914978029
0.38268342614175
0.30987538623811
0.23380478167536
0.15586985445024
0.077468846559541
1.6098233857065e-14
-0.077468846559508
-0.15586985445021
-0.23380478167532
-0.30987538623808
-0.38268342614172
-0.45301914978026
-0.52181471848486
-0.58788475966452
-0.65004390072821
-0.70710676908492
-0.75960139083861
-0.8083180143833
-0.85246460056304
-0.89124911022185
-0.92387950420379
-0.95054120254516
-0.97176223134994
-0.98726446056366
-0.99676976013183
-1.0
-0.99676976013184
-0.98726446056366
-0.97176223134995
-0.95054120254517
-0.9238795042038
-0.89124911022187
-0.85246460056306
-0.80831801438333
-0.75960139083864
-0.70710676908495
-0.65004390072824
-0.58788475966456
-0.5218147184849
-0.4530191497803
-0.38268342614176
-0.30987538623812
-0.23380478167536
-0.15586985445025
-0.077468846559551
-2.647881913731e-14
0.077468846559498
0.1558698544502
0.23380478167531
0.30987538623807
0.38268342614171
0.45301914978025
0.52181471848486
0.58788475966451
0.65004390072821
0.70710676908491
0.75960139083861
0.8083180143833
0.85246460056304
0.89124911022185
0.92387950420379
0.95054120254516
0.97176223134994
0.98726446056366
0.99676976013183
1.0
0.99676976013184
0.98726446056366
0.97176223134995
0.95054120254517
0.92387950420381
0.89124911022187
0.85246460056306
0.80831801438333
0.75960139083864
0.70710676908495
0.65004390072825
0.58788475966456
0.5218147184849
0.4530191497803
0.38268342614176
0.30987538623812
0.23380478167536
0.15586985445025
0.077468846559549
2.425837308806e-14
-0.0774688465595
-0.1558698544502
-0.23380478167531
-0.30987538623807
-0.38268342614172
-0.45301914978025
-0.52181471848486
-0.58788475966451
-0.65004390072821
-0.70710676908491
-0.75960139083861
-0.8083180143833
-0.85246460056303
-0.89124911022185
-0.92387950420379
-0.95054120254516
-0.97176223134994
-0.98726446056365
-0.99676976013183
-1.0
-0.99676976013184
-0.98726446056366
-0.97176223134995
-0.95054120254518
-0.92387950420381
-0.89124911022188
-0.85246460056307
-0.80831801438334
-0.75960139083864
-0.70710676908495
-0.65004390072825
-0.58788475966456
-0.52181471848491
-0.4530191497803
-0.38268342614177
-0.30987538623813
-0.23380478167537
-0.15586985445026
-0.07746884655956
-3.4638958368305e-14
0.07746884655949
0.15586985445019
0.2338047816753
0.30987538623806
0.38268342614171
0.45301914978024
0.52181471848485
0.58788475966451
0.6500439007282
0.70710676908491
0.7596013908386
0.8083180143833
0.85246460056303
0.89124911022185
0.92387950420378
0.95054120254516
0.97176223134994
0.98726446056365
0.99676976013183
1.0
0.99676976013184
0.98726446056367
0.97176223134995
0.95054120254518
0.92387950420381
0.89124911022188
0.85246460056307
0.80831801438334
0.75960139083864
0.70710676908495
0.65004390072825
0.58788475966456
0.52181471848491
0.4530191497803
0.38268342614177
0.30987538623813
0.23380478167537
0.15586985445026
0.077468846559558
3.2363001167823e-14
-0.077468846559492
-0.15586985445019
-0.23380478167531
-0.30987538623807
-0.38268342614171
-0.45301914978024
-0.52181471848485
-0.58788475966451
-0.6500439007282
-0.70710676908491
-0.7596013908386
-0.80831801438329
-0.85246460056303
-0.89124911022185
-0.92387950420378
-0.95054120254515
-0.97176223134994
-0.98726446056365
-0.99676976013183
-1.0
-0.99676976013184
-0.98726446056367
-0.97176223134995
-0.95054120254518
-0.92387950420381
-0.89124911022188
-0.85246460056307
-0.80831801438334
-0.75960139083865
-0.70710676908496
-0.65004390072826
-0.58788475966457
-0.52181471848491
-0.45301914978031
-0.38268342614178
-0.30987538623814
-0.23380478167538
-0.15586985445027
-0.077468846559568
-4.2854608750531e-14
0.077468846559481
0.15586985445018
0.2338047816753
0.30987538623806
0.3826834261417
0.45301914978023
0.52181471848484
0.5878847596645
0.65004390072819
0.7071067690849
0.75960139083859
0.80831801438329
0.85246460056303
0.89124911022184
0.92387950420378
0.95054120254515
0.97176223134994
0.98726446056365
0.99676976013183
1.0
0.99676976013184
0.98726446056367
0.97176223134996
0.95054120254518
0.92387950420381
0.89124911022188
0.85246460056307
0.80831801438334
0.75960139083865
0.70710676908496
0.65004390072826
0.58788475966457
0.52181471848491
0.45301914978031
0.38268342614178
0.30987538623814
0.23380478167538
0.15586985445027
0.077468846559566
4.0523140398818e-14
-0.077468846559483
-0.15586985445018
-0.2338047816753
-0.30987538623806
-0.3826834261417
-0.45301914978024
-0.52181471848484
-0.5878847596645
-0.65004390072819
-0.7071067690849
-0.75960139083859
-0.80831801438329
-0.85246460056303
-0.89124911022184
-0.92387950420378
-0.95054120254515
-0.97176223134993
-0.98726446056365
-0.99676976013183
-1.0
-0.99676976013184
-0.98726446056367
-0.97176223134996
-0.95054120254518
-0.92387950420381
-0.89124911022188
-0.85246460056308
-0.80831801438335
-0.75960139083865
-0.70710676908496
-0.65004390072826
-0.58788475966458
-0.52181471848492
-0.45301914978032
-0.38268342614178
-0.30987538623815
-0.23380478167539
-0.15586985445028
-0.077468846559576
-5.1014747981526e-14
0.077468846559473
0.15586985445017
0.23380478167529
0.30987538623805
0.38268342614169
0.45301914978023
0.52181471848483
0.58788475966449
0.65004390072819
0.70710676908489
0.75960139083859
0.80831801438329
0.85246460056302
0.89124911022184
0.92387950420378
0.95054120254515
0.97176223134993
0.98726446056365
0.99676976013183
1.0
0.99676976013184
0.98726446056367
0.97176223134996
0.95054120254518
0.92387950420382
0.89124911022189
0.85246460056308
0.80831801438335
0.75960139083866
0.70710676908497
0.65004390072826
0.58788475966458
0.52181471848492
0.45301914978032
0.38268342614178
0.30987538623815
0.23380478167539
0.15586985445028
0.077468846559574
4.8738790781044e-14
-0.077468846559475
-0.15586985445018
-0.23380478167529
-0.30987538623805
-0.38268342614169
-0.45301914978023
-0.52181471848483
-0.58788475966449
-0.65004390072819
-0.70710676908489
-0.75960139083859
-0.80831801438328
-0.85246460056302
-0.89124911022184
-0.92387950420378
-0.95054120254515
-0.97176223134993
-0.98726446056365
-0.99676976013183
-1.0
-0.99676976013184
-0.98726446056367
-0.97176223134996
-0.95054120254518
-0.92387950420382
-0.89124911022189
-0.85246460056308
-0.80831801438335
-0.75960139083866
-0.70710676908497
-0.65004390072827
-0.58788475966458
-0.52181471848493
-0.45301914978033
-0.38268342614179
-0.30987538623815
-0.2338047816754
-0.15586985445029
-0.077468846559585
-5.911937606129e-14
0.077468846559465
0.15586985445017
0.23380478167528
0.30987538623804
0.38268342614168
0.45301914978022
0.52181471848483
0.58788475966449
0.65004390072818
0.70710676908489
0.75960139083858
0.80831801438328
0.85246460056302
0.89124911022184
0.92387950420377
0.95054120254515
0.97176223134993
0.98726446056365
0.99676976013183
1.0
0.99676976013184
0.98726446056367
0.97176223134996
0.95054120254518
0.92387950420382
0.89124911022189
0.85246460056308
0.80831801438335
0.75960139083866
0.70710676908497
0.65004390072827
0.58788475966458
0.52181471848493
0.45301914978033
0.38268342614179
0.30987538623815
0.2338047816754
0.15586985445028
0.077468846559583
5.6898930012039e-14
-0.077468846559467
-0.15586985445017
-0.23380478167528
-0.30987538623804
-0.38268342614169
-0.45301914978022
-0.52181471848483
-0.58788475966449
-0.65004390072818
-0.70710676908489
-0.75960139083858
-0.80831801438328
-0.85246460056302
-0.89124911022183
-0.92387950420377
-0.95054120254515
-0.97176223134993
-0.98726446056365
-0.99676976013183
-1.0
-0.99676976013184
-0.98726446056367
-0.97176223134996
-0.95054120254519
-0.92387950420382
-0.89124911022189
-0.85246460056308
-0.80831801438336
-0.75960139083867
-0.70710676908498
-0.65004390072828
-0.58788475966459
-0.52181471848494
-0.45301914978033
-0.3826834261418
-0.30987538623816
-0.23380478167541
-0.15586985445029
-0.077468846559593
-6.7279515292284e-14
0.077468846559456
0.15586985445016
0.23380478167527
0.30987538623803
0.38268342614168
0.45301914978021
0.52181471848482
0.58788475966448
0.65004390072817
0.70710676908488
0.75960139083858
0.80831801438328
0.85246460056301
0.89124911022183
0.92387950420377
0.95054120254515
0.97176223134993
0.98726446056365
0.99676976013183
1.0
0.99676976013184
0.98726446056367
0.97176223134996
0.95054120254519
0.92387950420382
0.89124911022189
0.85246460056309
0.80831801438336
0.75960139083867
0.70710676908498
0.65004390072828
0.58788475966459
0.52181471848494
0.45301914978033
0.3826834261418
0.30987538623816
0.2338047816754
0.15586985445029
0.077468846559591
6.5003558091803e-14
-0.077468846559458
-0.15586985445016
-0.23380478167527
-0.30987538623803
-0.38268342614168
-0.45301914978021
-0.52181471848482
-0.58788475966448
-0.65004390072817
-0.70710676908488
-0.75960139083858
-0.80831801438327
-0.85246460056301
-0.89124911022183
-0.92387950420377
-0.95054120254514
-0.97176223134993
-0.98726446056365
-0.99676976013183
-1.0
-0.99676976013184
-0.98726446056367
-0.97176223134996
-0.95054120254519
-0.92387950420382
-0.8912491102219
-0.85246460056309
-0.80831801438336
-0.75960139083867
-0.70710676908498
-0.65004390072828
-0.5878847596646
-0.52181471848494
-0.45301914978034
-0.38268342614181
-0.30987538623817
-0.23380478167541
-0.1558698544503
-0.077468846559601
-7.5439654523279e-14
0.077468846559448
0.15586985445015
0.23380478167526
0.30987538623802
0.38268342614167
0.45301914978021
0.52181471848481
0.58788475966447
0.65004390072817
0.70710676908488
0.75960139083857
0.80831801438327
0.85246460056301
0.89124911022183
0.92387950420377
0.95054120254514
0.97176223134993
0.98726446056365
0.99676976013183
1.0
0.99676976013184
0.98726446056367
0.97176223134996
0.95054120254519
0.92387950420382
0.8912491102219
0.85246460056309
0.80831801438336
0.75960139083867
0.70710676908498
0.65004390072828
0.5878847596646
0.52181471848494
0.45301914978034
0.38268342614181
0.30987538623817
0.23380478167541
0.1558698544503
0.077468846559599
7.3163697322798e-14
-0.07746884655945
-0.15586985445015
-0.23380478167526
-0.30987538623803
-0.38268342614167
-0.45301914978021
-0.52181471848481
-0.58788475966447
-0.65004390072817
-0.70710676908488
-0.75960139083857
-0.80831801438327
-0.85246460056301
-0.89124911022183
-0.92387950420377
-0.95054120254514
-0.97176223134993
-0.98726446056365
-0.99676976013183
-1.0
-0.99676976013184
-0.98726446056367
-0.97176223134996
-0.95054120254519
-0.92387950420383
-0.8912491102219
-0.85246460056309
-0.80831801438336
-0.75960139083868
-0.70710676908499
-0.65004390072829
-0.5878847596646
-0.52181471848495
-0.45301914978035
-0.38268342614181
-0.30987538623818
-0.23380478167542
-0.15586985445031
-0.07746884655961
-8.3655304905506e-14
0.07746884655944
0.15586985445014
0.23380478167525
0.30987538623802
0.38268342614166
0.4530191497802
0.5218147184848
0.58788475966447
0.65004390072816
0.70710676908487
0.75960139083857
0.80831801438327
0.852464600563
0.89124911022182
0.92387950420376
0.95054120254514
0.97176223134993
0.98726446056365
0.99676976013183
1.0
0.99676976013184
0.98726446056367
0.97176223134996
0.95054120254519
0.92387950420383
0.8912491102219
0.85246460056309
0.80831801438337
0.75960139083868
0.70710676908499
0.65004390072829
0.5878847596646
0.52181471848495
0.45301914978035
0.38268342614181
0.30987538623818
0.23380478167542
0.15586985445031
0.077468846559608
8.1323836553793e-14
-0.077468846559442
-0.15586985445014
-0.23380478167526
-0.30987538623802
-0.38268342614166
-0.4530191497802
-0.52181471848481
-0.58788475966447
-0.65004390072816
-0.70710676908487
-0.75960139083857
-0.80831801438326
-0.852464600563
-0.89124911022182
-0.92387950420376
-0.95054120254514
-0.97176223134992
-0.98726446056365
-0.99676976013183
-1.0
-0.99676976013184
-0.98726446056367
-0.97176223134997
-0.95054120254519
-0.92387950420383
-0.8912491102219
-0.8524646005631
-0.80831801438337
-0.75960139083868
-0.70710676908499
-0.6500439007283
-0.58788475966461
-0.52181471848496
-0.45301914978036
-0.38268342614182
-0.30987538623819
-0.23380478167543
-0.15586985445032
-0.077468846559618
-9.1759932985269e-14
0.077468846559431
0.15586985445013
0.23380478167525
0.30987538623801
0.38268342614165
0.45301914978019
0.5218147184848
0.58788475966446
0.65004390072815
0.70710676908487
0.75960139083856
0.80831801438326
0.852464600563
0.89124911022182
0.92387950420376
0.95054120254514
0.97176223134992
0.98726446056364
0.99676976013183
1.0
0.99676976013184
0.98726446056367
0.97176223134997
0.95054120254519
0.92387950420383
0.89124911022191
0.8524646005631
0.80831801438337
0.75960139083868
0.70710676908499
0.6500439007283
0.58788475966461
0.52181471848496
0.45301914978036
0.38268342614182
0.30987538623819
0.23380478167543
0.15586985445032
0.077468846559616
8.9539486936019e-14
-0.077468846559433
-0.15586985445013
-0.23380478167525
-0.30987538623801
-0.38268342614166
-0.45301914978019
-0.5218147184848
-0.58788475966446
-0.65004390072815
-0.70710676908487
-0.75960139083856
-0.80831801438326
-0.852464600563
-0.89124911022182
-0.92387950420376
-0.95054120254514
-0.97176223134992
-0.98726446056364
-0.99676976013183
-1.0
-0.99676976013184
-0.98726446056368
-0.97176223134997
-0.9505412025452
-0.92387950420383
-0.89124911022191
-0.8524646005631
-0.80831801438337
-0.75960139083869
-0.707106769085
-0.6500439007283
-0.58788475966462
-0.52181471848497
-0.45301914978036
-0.38268342614183
-0.30987538623819
-0.23380478167544
-0.15586985445033
-0.077468846559626
-9.9920072216264e-14
0.077468846559423
0.15586985445012
0.23380478167524
0.309875386238
0.38268342614165
0.45301914978018
0.52181471848479
0.58788475966445
0.65004390072815
0.70710676908486
0.75960139083856
0.80831801438326
0.852464600563
0.89124911022182
0.92387950420376
0.95054120254513
0.97176223134992
0.98726446056364
0.99676976013183
1.0
0.99676976013184
0.98726446056368
0.97176223134997
0.9505412025452
0.92387950420383
0.89124911022191
0.8524646005631
0.80831801438338
0.75960139083869
0.707106769085
0.6500439007283
0.58788475966462
0.52181471848497
0.45301914978036
0.38268342614183
0.30987538623819
0.23380478167544
0.15586985445033
0.077468846559624
9.7699626167014e-14
-0.077468846559425
-0.15586985445013
-0.23380478167524
-0.309875386238
-0.38268342614165
-0.45301914978018
-0.52181471848479
-0.58788475966445
-0.65004390072815
-0.70710676908486
-0.75960139083856
-0.80831801438325
-0.85246460056299
-0.89124911022182
-0.92387950420376
-0.95054120254513
-0.97176223134992
-0.98726446056364
-0.99676976013183
-1.0
-0.99676976013184
-0.98726446056368
-0.97176223134997
-0.9505412025452
