0.000006	
0.006148	
0.012290	
0.018432	
0.024572	
0.030712	
0.036851	
0.042988	
0.049124	
0.055257	
0.061389	
0.067518	
0.073645	
0.079769	
0.085890	
0.092008	
0.098122	
0.104233	
0.110340	
0.116442	
0.122540	
0.128634	
0.134722	
0.140806	
0.146884	
0.152957	
0.159024	
0.165085	
0.171139	
0.177188	
0.183229	
0.189264	
0.195291	
0.201312	
0.207324	
0.213329	
0.219326	
0.225314	
0.231294	
0.237265	
0.243227	
0.249180	
0.255124	
0.261058	
0.266982	
0.272896	
0.278800	
0.284693	
0.290576	
0.296448	
0.302308	
0.308157	
0.313994	
0.319820	
0.325633	
0.331435	
0.337223	
0.342999	
0.348762	
0.354512	
0.360249	
0.365972	
0.371681	
0.377376	
0.383056	
0.388723	
0.394375	
0.400011	
0.405633	
0.411240	
0.416831	
0.422406	
0.427965	
0.433508	
0.439035	
0.444545	
0.450039	
0.455515	
0.460974	
0.466416	
0.471841	
0.477247	
0.482636	
0.488006	
0.493358	
0.498691	
0.504006	
0.509301	
0.514577	
0.519834	
0.525071	
0.530289	
0.535486	
0.540663	
0.545820	
0.550956	
0.556072	
0.561166	
0.566239	
0.571291	
0.576322	
0.581330	
0.586317	
0.591282	
0.596224	
0.601144	
0.606041	
0.610915	
0.615766	
0.620594	
0.625399	
0.630180	
0.634937	
0.639670	
0.644379	
0.649064	
0.653724	
0.658360	
0.662971	
0.667557	
0.672117	
0.676652	
0.681162	
0.685646	
0.690104	
0.694537	
0.698942	
0.703322	
0.707675	
0.712001	
0.716301	
0.720573	
0.724819	
0.729037	
0.733227	
0.737390	
0.741525	
0.745632	
0.749711	
0.753761	
0.757783	
0.761777	
0.765742	
0.769678	
0.773585	
0.777462	
0.781311	
0.785130	
0.788919	
0.792679	
0.796408	
0.800108	
0.803777	
0.807416	
0.811025	
0.814603	
0.818150	
0.821667	
0.825152	
0.828607	
0.832030	
0.835421	
0.838781	
0.842110	
0.845407	
0.848672	
0.851904	
0.855105	
0.858274	
0.861410	
0.864513	
0.867584	
0.870622	
0.873628	
0.876600	
0.879540	
0.882446	
0.885319	
0.888158	
0.890964	
0.893737	
0.896475	
0.899180	
0.901851	
0.904488	
0.907091	
0.909660	
0.912194	
0.914694	
0.917159	
0.919590	
0.921986	
0.924347	
0.926673	
0.928965	
0.931221	
0.933443	
0.935629	
0.937779	
0.939895	
0.941975	
0.944019	
0.946028	
0.948001	
0.949939	
0.951840	
0.953706	
0.955535	
0.957329	
0.959086	
0.960808	
0.962493	
0.964141	
0.965754	
0.967330	
0.968869	
0.970372	
0.971838	
0.973268	
0.974661	
0.976017	
0.977336	
0.978619	
0.979865	
0.981073	
0.982245	
0.983379	
0.984477	
0.985537	
0.986560	
0.987546	
0.988495	
0.989406	
0.990280	
0.991117	
0.991916	
0.992678	
0.993402	
0.994089	
0.994739	
0.995351	
0.995925	
0.996462	
0.996961	
0.997423	
0.997847	
0.998233	
0.998582	
0.998893	
0.999166	
0.999402	
0.999599	
0.999760	
0.999882	
0.999967	
1.000014	
1.000023	
0.999995	
0.999929	
0.999825	
0.999684	
0.999504	
0.999288	
0.999033	
0.998740	
0.998411	
0.998043	
0.997638	
0.997195	
0.996714	
0.996196	
0.995640	
0.995047	
0.994416	
0.993748	
0.993042	
0.992299	
0.991518	
0.990700	
0.989844	
0.988951	
0.988021	
0.987054	
0.986049	
0.985007	
0.983928	
0.982812	
0.981659	
0.980469	
0.979241	
0.977977	
0.976676	
0.975338	
0.973964	
0.972552	
0.971104	
0.969619	
0.968098	
0.966540	
0.964946	
0.963315	
0.961648	
0.959945	
0.958205	
0.956430	
0.954618	
0.952770	
0.950886	
0.948967	
0.947012	
0.945020	
0.942994	
0.940931	
0.938833	
0.936700	
0.934532	
0.932328	
0.930089	
0.927815	
0.925506	
0.923162	
0.920783	
0.918369	
0.915921	
0.913439	
0.910921	
0.908370	
0.905784	
0.903164	
0.900510	
0.897822	
0.895100	
0.892344	
0.889555	
0.886732	
0.883876	
0.880986	
0.878063	
0.875107	
0.872118	
0.869096	
0.866041	
0.862954	
0.859834	
0.856682	
0.853497	
0.850280	
0.847031	
0.843750	
0.840437	
0.837093	
0.833717	
0.830310	
0.826871	
0.823401	
0.819900	
0.816368	
0.812805	
0.809211	
0.805587	
0.801933	
0.798248	
0.794534	
0.790789	
0.787014	
0.783210	
0.779377	
0.775514	
0.771621	
0.767699	
0.763749	
0.759770	
0.755762	
0.751725	
0.747660	
0.743567	
0.739446	
0.735297	
0.731121	
0.726916	
0.722685	
0.718426	
0.714140	
0.709827	
0.705487	
0.701121	
0.696728	
0.692309	
0.687863	
0.683392	
0.678895	
0.674373	
0.669825	
0.665251	
0.660653	
0.656030	
0.651382	
0.646709	
0.642012	
0.637291	
0.632546	
0.627777	
0.622984	
0.618167	
0.613328	
0.608465	
0.603579	
0.598670	
0.593740	
0.588786	
0.583811	
0.578813	
0.573793	
0.568752	
0.563689	
0.558606	
0.553501	
0.548375	
0.543228	
0.538061	
0.532874	
0.527666	
0.522439	
0.517192	
0.511926	
0.506640	
0.501335	
0.496011	
0.490668	
0.485307	
0.479928	
0.474530	
0.469115	
0.463682	
0.458231	
0.452763	
0.447278	
0.441777	
0.436258	
0.430723	
0.425172	
0.419605	
0.414022	
0.408423	
0.402809	
0.397179	
0.391535	
0.385876	
0.380202	
0.374515	
0.368813	
0.363097	
0.357367	
0.351624	
0.345867	
0.340098	
0.334316	
0.328521	
0.322713	
0.316894	
0.311062	
0.305219	
0.299364	
0.293499	
0.287622	
0.281734	
0.275835	
0.269926	
0.264007	
0.258078	
0.252139	
0.246191	
0.240233	
0.234267	
0.228291	
0.222307	
0.216315	
0.210314	
0.204306	
0.198289	
0.192266	
0.186235	
0.180196	
0.174152	
0.168100	
0.162042	
0.155979	
0.149909	
0.143833	
0.137753	
0.131666	
0.125576	
0.119480	
0.113380	
0.107275	
0.101167	
0.095054	
0.088938	
0.082819	
0.076697	
0.070571	
0.064443	
0.058313	
0.052180	
0.046045	
0.039909	
0.033772	
0.027632	
0.021492	
0.015351	
0.009210	
0.003068	
-0.003074	
-0.009216	
-0.015358	
-0.021499	
-0.027639	
-0.033778	
-0.039915	
-0.046052	
-0.052186	
-0.058319	
-0.064449	
-0.070577	
-0.076703	
-0.082825	
-0.088944	
-0.095060	
-0.101173	
-0.107281	
-0.113386	
-0.119486	
-0.125582	
-0.131673	
-0.137759	
-0.143839	
-0.149915	
-0.155984	
-0.162048	
-0.168106	
-0.174157	
-0.180202	
-0.186240	
-0.192271	
-0.198295	
-0.204311	
-0.210320	
-0.216320	
-0.222313	
-0.228297	
-0.234272	
-0.240239	
-0.246196	
-0.252145	
-0.258083	
-0.264012	
-0.269932	
-0.275840	
-0.281739	
-0.287627	
-0.293503	
-0.299369	
-0.305224	
-0.311067	
-0.316899	
-0.322718	
-0.328525	
-0.334320	
-0.340102	
-0.345872	
-0.351628	
-0.357371	
-0.363101	
-0.368817	
-0.374519	
-0.380206	
-0.385880	
-0.391539	
-0.397183	
-0.402812	
-0.408426	
-0.414025	
-0.419608	
-0.425175	
-0.430726	
-0.436261	
-0.441780	
-0.447282	
-0.452766	
-0.458234	
-0.463685	
-0.469118	
-0.474533	
-0.479930	
-0.485310	
-0.490671	
-0.496013	
-0.501337	
-0.506642	
-0.511928	
-0.517194	
-0.522441	
-0.527668	
-0.532876	
-0.538063	
-0.543230	
-0.548376	
-0.553502	
-0.558607	
-0.563691	
-0.568753	
-0.573794	
-0.578814	
-0.583811	
-0.588787	
-0.593740	
-0.598671	
-0.603579	
-0.608465	
-0.613328	
-0.618167	
-0.622984	
-0.627776	
-0.632545	
-0.637290	
-0.642012	
-0.646708	
-0.651381	
-0.656029	
-0.660652	
-0.665250	
-0.669823	
-0.674371	
-0.678894	
-0.683391	
-0.687862	
-0.692307	
-0.696726	
-0.701119	
-0.705485	
-0.709825	
-0.714137	
-0.718423	
-0.722682	
-0.726914	
-0.731118	
-0.735294	
-0.739443	
-0.743564	
-0.747657	
-0.751722	
-0.755758	
-0.759766	
-0.763745	
-0.767695	
-0.771617	
-0.775509	
-0.779372	
-0.783206	
-0.787010	
-0.790784	
-0.794529	
-0.798243	
-0.801928	
-0.805582	
-0.809206	
-0.812799	
-0.816362	
-0.819894	
-0.823395	
-0.826865	
-0.830303	
-0.833711	
-0.837087	
-0.840431	
-0.843744	
-0.847024	
-0.850273	
-0.853490	
-0.856674	
-0.859827	
-0.862946	
-0.866034	
-0.869088	
-0.872110	
-0.875099	
-0.878055	
-0.880978	
-0.883867	
-0.886723	
-0.889546	
-0.892335	
-0.895091	
-0.897813	
-0.900501	
-0.903154	
-0.905774	
-0.908360	
-0.910912	
-0.913429	
-0.915911	
-0.918359	
-0.920773	
-0.923151	
-0.925495	
-0.927804	
-0.930078	
-0.932317	
-0.934520	
-0.936689	
-0.938822	
-0.940920	
-0.942982	
-0.945008	
-0.946999	
-0.948955	
-0.950874	
-0.952758	
-0.954605	
-0.956417	
-0.958192	
-0.959932	
-0.961635	
-0.963302	
-0.964933	
-0.966527	
-0.968084	
-0.969606	
-0.971090	
-0.972538	
-0.973949	
-0.975324	
-0.976662	
-0.977963	
-0.979227	
-0.980454	
-0.981644	
-0.982797	
-0.983913	
-0.984992	
-0.986034	
-0.987038	
-0.988005	
-0.988935	
-0.989828	
-0.990684	
-0.991502	
-0.992282	
-0.993025	
-0.993731	
-0.994399	
-0.995030	
-0.995623	
-0.996179	
-0.996697	
-0.997177	
-0.997620	
-0.998025	
-0.998393	
-0.998723	
-0.999015	
-0.999269	
-0.999486	
-0.999665	
-0.999807	
-0.999910	
-0.999976	
-1.000005	
-0.999995	
-0.999948	
-0.999863	
-0.999740	
-0.999580	
-0.999382	
-0.999146	
-0.998873	
-0.998562	
-0.998213	
-0.997827	
-0.997402	
-0.996941	
-0.996441	
-0.995905	
-0.995330	
-0.994718	
-0.994068	
-0.993381	
-0.992657	
-0.991895	
-0.991096	
-0.990259	
-0.989385	
-0.988473	
-0.987525	
-0.986539	
-0.985515	
-0.984455	
-0.983357	
-0.982223	
-0.981051	
-0.979842	
-0.978597	
-0.977314	
-0.975995	
-0.974639	
-0.973246	
-0.971816	
-0.970350	
-0.968846	
-0.967307	
-0.965731	
-0.964119	
-0.962470	
-0.960785	
-0.959063	
-0.957306	
-0.955512	
-0.953682	
-0.951817	
-0.949915	
-0.947978	
-0.946005	
-0.943996	
-0.941951	
-0.939871	
-0.937756	
-0.935605	
-0.933419	
-0.931197	
-0.928941	
-0.926649	
-0.924323	
-0.921962	
-0.919565	
-0.917135	
-0.914669	
-0.912169	
-0.909635	
-0.907066	
-0.904464	
-0.901827	
-0.899156	
-0.896451	
-0.893712	
-0.890940	
-0.888134	
-0.885294	
-0.882421	
-0.879515	
-0.876576	
-0.873603	
-0.870598	
-0.867559	
-0.864488	
-0.861385	
-0.858249	
-0.855080	
-0.851880	
-0.848647	
-0.845382	
-0.842085	
-0.838756	
-0.835396	
-0.832005	
-0.828581	
-0.825127	
-0.821642	
-0.818125	
-0.814578	
-0.811000	
-0.807391	
-0.803752	
-0.800083	
-0.796383	
-0.792654	
-0.788894	
-0.785105	
-0.781286	
-0.777438	
-0.773560	
-0.769653	
-0.765717	
-0.761752	
-0.757759	
-0.753736	
-0.749686	
-0.745607	
-0.741500	
-0.737365	
-0.733202	
-0.729012	
-0.724794	
-0.720549	
-0.716276	
-0.711977	
-0.707651	
-0.703298	
-0.698918	
-0.694512	
-0.690080	
-0.685622	
-0.681138	
-0.676628	
-0.672093	
-0.667533	
-0.662947	
-0.658336	
-0.653701	
-0.649040	
-0.644356	
-0.639646	
-0.634913	
-0.630156	
-0.625375	
-0.620571	
-0.615743	
-0.610892	
-0.606017	
-0.601120	
-0.596201	
-0.591259	
-0.586294	
-0.581307	
-0.576299	
-0.571269	
-0.566217	
-0.561144	
-0.556050	
-0.550934	
-0.545798	
-0.540641	
-0.535464	
-0.530267	
-0.525050	
-0.519813	
-0.514556	
-0.509280	
-0.503984	
-0.498670	
-0.493337	
-0.487985	
-0.482615	
-0.477226	
-0.471820	
-0.466396	
-0.460954	
-0.455495	
-0.450018	
-0.444525	
-0.439015	
-0.433488	
-0.427945	
-0.422386	
-0.416811	
-0.411221	
-0.405614	
-0.399993	
-0.394356	
-0.388704	
-0.383038	
-0.377357	
-0.371663	
-0.365954	
-0.360231	
-0.354494	
-0.348745	
-0.342982	
-0.337206	
-0.331417	
-0.325616	
-0.319803	
-0.313978	
-0.308140	
-0.302292	
-0.296431	
-0.290560	
-0.284677	
-0.278784	
-0.272881	
-0.266967	
-0.261043	
-0.255109	
-0.249166	
-0.243213	
-0.237251	
-0.231280	
-0.225300	
-0.219312	
-0.213315	
-0.207311	
-0.201298	
-0.195278	
-0.189251	
-0.183217	
-0.177175	
-0.171127	
-0.165073	
-0.159012	
-0.152945	
-0.146873	
-0.140795	
-0.134711	
-0.128623	
-0.122529	
-0.116431	
-0.110329	
-0.104223	
-0.098112	
-0.091998	
-0.085881	
-0.079760	
-0.073636	
-0.067510	
-0.061381	
-0.055249	
-0.049116	
-0.042980	
-0.036843	
-0.030705	
-0.024565	
-0.018425	
-0.012283	
-0.006148	
0.006136	
