0.007812	
0.015625	
0.023438	
0.031250	
0.039062	
0.046875	
0.054688	
0.062500	
0.070312	
0.078125	
0.085938	
0.093750	
0.101562	
0.109375	
0.117188	
0.125000	
0.132812	
0.140625	
0.148438	
0.156250	
0.164062	
0.171875	
0.179688	
0.187500	
0.195312	
0.203125	
0.210938	
0.218750	
0.226562	
0.234375	
0.242188	
0.250000	
0.257812	
0.265625	
0.273438	
0.281250	
0.289062	
0.296875	
0.304688	
0.312500	
0.320312	
0.328125	
0.335938	
0.343750	
0.351562	
0.359375	
0.367188	
0.375000	
0.382812	
0.390625	
0.398438	
0.406250	
0.414062	
0.421875	
0.429688	
0.437500	
0.445312	
0.453125	
0.460938	
0.468750	
0.476562	
0.484375	
0.492188	
0.500000	
0.507812	
0.515625	
0.523438	
0.531250	
0.539062	
0.546875	
0.554688	
0.562500	
0.570312	
0.578125	
0.585938	
0.593750	
0.601562	
0.609375	
0.617188	
0.625000	
0.632812	
0.640625	
0.648438	
0.656250	
0.664062	
0.671875	
0.679688	
0.687500	
0.695312	
0.703125	
0.710938	
0.718750	
0.726562	
0.734375	
0.742188	
0.750000	
0.757812	
0.765625	
0.773438	
0.781250	
0.789062	
0.796875	
0.804688	
0.812500	
0.820312	
0.828125	
0.835938	
0.843750	
0.851562	
0.859375	
0.867188	
0.875000	
0.882812	
0.890625	
0.898438	
0.906250	
0.914062	
0.921875	
0.929688	
0.937500	
0.945312	
0.953125	
0.960938	
0.968750	
0.976562	
0.984375	
0.992188	
0.000000	
0.007812	
0.015625	
0.023438	
0.031250	
0.039062	
0.046875	
0.054688	
0.062500	
0.070312	
0.078125	
0.085938	
0.093750	
0.101562	
0.109375	
0.117188	
0.125000	
0.132812	
0.140625	
0.148438	
0.156250	
0.164062	
0.171875	
0.179688	
0.187500	
0.195312	
0.203125	
0.210938	
0.218750	
0.226562	
0.234375	
0.242188	
0.250000	
0.257812	
0.265625	
0.273438	
0.281250	
0.289062	
0.296875	
0.304688	
0.312500	
0.320312	
0.328125	
0.335938	
0.343750	
0.351562	
0.359375	
0.367188	
0.375000	
0.382812	
0.390625	
0.398438	
0.406250	
0.414062	
0.421875	
0.429688	
0.437500	
0.445312	
0.453125	
0.460938	
0.468750	
0.476562	
0.484375	
0.492188	
0.500000	
0.507812	
0.515625	
0.523438	
0.531250	
0.539062	
0.546875	
0.554688	
0.562500	
0.570312	
0.578125	
0.585938	
0.593750	
0.601562	
0.609375	
0.617188	
0.625000	
0.632812	
0.640625	
0.648438	
0.656250	
0.664062	
0.671875	
0.679688	
0.687500	
0.695312	
0.703125	
0.710938	
0.718750	
0.726562	
0.734375	
0.742188	
0.750000	
0.757812	
0.765625	
0.773438	
0.781250	
0.789062	
0.796875	
0.804688	
0.812500	
0.820312	
0.828125	
0.835938	
0.843750	
0.851562	
0.859375	
0.867188	
0.875000	
0.882812	
0.890625	
0.898438	
0.906250	
0.914062	
0.921875	
0.929688	
0.937500	
0.945312	
0.953125	
0.960938	
0.968750	
0.976562	
0.984375	
0.992188	
0.000000	
0.007812	
0.015625	
0.023438	
0.031250	
0.039062	
0.046875	
0.054688	
0.062500	
0.070312	
0.078125	
0.085938	
0.093750	
0.101562	
0.109375	
0.117188	
0.125000	
0.132812	
0.140625	
0.148438	
0.156250	
0.164062	
0.171875	
0.179688	
0.187500	
0.195312	
0.203125	
0.210938	
0.218750	
0.226562	
0.234375	
0.242188	
0.250000	
0.257812	
0.265625	
0.273438	
0.281250	
0.289062	
0.296875	
0.304688	
0.312500	
0.320312	
0.328125	
0.335938	
0.343750	
0.351562	
0.359375	
0.367188	
0.375000	
0.382812	
0.390625	
0.398438	
0.406250	
0.414062	
0.421875	
0.429688	
0.437500	
0.445312	
0.453125	
0.460938	
0.468750	
0.476562	
0.484375	
0.492188	
0.500000	
0.507812	
0.515625	
0.523438	
0.531250	
0.539062	
0.546875	
0.554688	
0.562500	
0.570312	
0.578125	
0.585938	
0.593750	
0.601562	
0.609375	
0.617188	
0.625000	
0.632812	
0.640625	
0.648438	
0.656250	
0.664062	
0.671875	
0.679688	
0.687500	
0.695312	
0.703125	
0.710938	
0.718750	
0.726562	
0.734375	
0.742188	
0.750000	
0.757812	
0.765625	
0.773438	
0.781250	
0.789062	
0.796875	
0.804688	
0.812500	
0.820312	
0.828125	
0.835938	
0.843750	
0.851562	
0.859375	
0.867188	
0.875000	
0.882812	
0.890625	
0.898438	
0.906250	
0.914062	
0.921875	
0.929688	
0.937500	
0.945312	
0.953125	
0.960938	
0.968750	
0.976562	
0.984375	
0.992188	
0.000000	
0.007812	
0.015625	
0.023438	
0.031250	
0.039062	
0.046875	
0.054688	
0.062500	
0.070312	
0.078125	
0.085938	
0.093750	
0.101562	
0.109375	
0.117188	
0.125000	
0.132812	
0.140625	
0.148438	
0.156250	
0.164062	
0.171875	
0.179688	
0.187500	
0.195312	
0.203125	
0.210938	
0.218750	
0.226562	
0.234375	
0.242188	
0.250000	
0.257812	
0.265625	
0.273438	
0.281250	
0.289062	
0.296875	
0.304688	
0.312500	
0.320312	
0.328125	
0.335938	
0.343750	
0.351562	
0.359375	
0.367188	
0.375000	
0.382812	
0.390625	
0.398438	
0.406250	
0.414062	
0.421875	
0.429688	
0.437500	
0.445312	
0.453125	
0.460938	
0.468750	
0.476562	
0.484375	
0.492188	
0.500000	
0.507812	
0.515625	
0.523438	
0.531250	
0.539062	
0.546875	
0.554688	
0.562500	
0.570312	
0.578125	
0.585938	
0.593750	
0.601562	
0.609375	
0.617188	
0.625000	
0.632812	
0.640625	
0.648438	
0.656250	
0.664062	
0.671875	
0.679688	
0.687500	
0.695312	
0.703125	
0.710938	
0.718750	
0.726562	
0.734375	
0.742188	
0.750000	
0.757812	
0.765625	
0.773438	
0.781250	
0.789062	
0.796875	
0.804688	
0.812500	
0.820312	
0.828125	
0.835938	
0.843750	
0.851562	
0.859375	
0.867188	
0.875000	
0.882812	
0.890625	
0.898438	
0.906250	
0.914062	
0.921875	
0.929688	
0.937500	
0.945312	
0.953125	
0.960938	
0.968750	
0.976562	
0.984375	
0.992188	
0.000000	
